100*100
6.0606 4.0404 6.0606 1.0101 9.0909 3.0303 0 2.0202 2.0202 8.0808 0 6.0606 3.0303 7.0707 3.0303 1.0101 3.0303 7.0707 9.0909 3.0303 4.0404 7.0707 4.0404 2.0202 3.0303 9.0909 1.0101 6.0606 4.0404 3.0303 0 2.0202 9.0909 8.0808 5.0505 8.0808 1.0101 5.0505 2.0202 4.0404 5.0505 3.0303 2.0202 9.0909 2.0202 7.0707 2.0202 6.0606 6.0606 2.0202 1.0101 0 1.0101 7.0707 5.0505 4.0404 8.0808 6.0606 0 2.0202 9.0909 2.0202 4.0404 1.0101 1.0101 0 9.0909 2.0202 7.0707 4.0404 8.0808 3.0303 9.0909 2.0202 2.0202 1.0101 9.0909 4.0404 9.0909 6.0606 8.0808 2.0202 6.0606 9.0909 0 1.0101 3.0303 8.0808 0 6.0606 1.0101 9.0909 8.0808 7.0707 0 1.0101 7.0707 2.0202 6.0606 7.0707
8.0808 6.0606 0 7.0707 9.0909 4.0404 8.0808 8.0808 0 0 4.0404 9.0909 2.0202 3.0303 8.0808 2.0202 6.0606 4.0404 1.0101 8.0808 0 4.0404 8.0808 0 1.0101 0 4.0404 1.0101 4.0404 0 0 2.0202 6.0606 0 9.0909 5.0505 4.0404 0 6.0606 4.0404 0 2.0202 3.0303 2.0202 5.0505 4.0404 7.0707 4.0404 0 0 2.0202 0 4.0404 2.0202 2.0202 7.0707 5.0505 6.0606 0 1.0101 6.0606 0 6.0606 5.0505 2.0202 7.0707 2.0202 6.0606 9.0909 8.0808 3.0303 9.0909 1.0101 8.0808 4.0404 8.0808 2.0202 1.0101 4.0404 2.0202 1.0101 9.0909 4.0404 7.0707 1.0101 9.0909 6.0606 8.0808 5.0505 9.0909 2.0202 4.0404 9.0909 8.0808 1.0101 2.0202 5.0505 3.0303 0 5.0505
2.0202 3.0303 6.0606 3.0303 4.0404 2.0202 3.0303 8.0808 3.0303 8.0808 3.0303 6.0606 7.0707 7.0707 5.0505 0 8.0808 2.0202 9.0909 4.0404 1.0101 3.0303 0 2.0202 1.0101 1.0101 6.0606 8.0808 4.0404 7.0707 5.0505 8.0808 2.0202 4.0404 3.0303 8.0808 6.0606 7.0707 7.0707 2.0202 5.0505 0 8.0808 4.0404 9.0909 6.0606 4.0404 8.0808 0 5.0505 4.0404 1.0101 8.0808 4.0404 5.0505 9.0909 7.0707 2.0202 0 3.0303 1.0101 7.0707 4.0404 5.0505 1.0101 7.0707 4.0404 8.0808 4.0404 1.0101 0 1.0101 1.0101 0 5.0505 2.0202 6.0606 0 0 6.0606 5.0505 4.0404 9.0909 6.0606 0 5.0505 7.0707 9.0909 9.0909 7.0707 5.0505 2.0202 5.0505 9.0909 7.0707 6.0606 6.0606 3.0303 6.0606 3.0303
6.0606 8.0808 4.0404 9.0909 9.0909 0 2.0202 7.0707 2.0202 2.0202 4.0404 9.0909 9.0909 5.0505 5.0505 1.0101 2.0202 3.0303 1.0101 1.0101 2.0202 8.0808 5.0505 7.0707 7.0707 3.0303 6.0606 5.0505 8.0808 4.0404 8.0808 5.0505 3.0303 5.0505 4.0404 2.0202 7.0707 6.0606 9.0909 9.0909 1.0101 5.0505 0 0 3.0303 6.0606 1.0101 5.0505 9.0909 4.0404 9.0909 1.0101 2.0202 4.0404 1.0101 1.0101 9.0909 9.0909 7.0707 8.0808 3.0303 7.0707 3.0303 8.0808 2.0202 9.0909 0 9.0909 6.0606 2.0202 0 7.0707 9.0909 1.0101 9.0909 2.0202 9.0909 2.0202 0 0 9.0909 1.0101 1.0101 1.0101 5.0505 4.0404 3.0303 7.0707 5.0505 2.0202 7.0707 1.0101 9.0909 0 9.0909 4.0404 1.0101 2.0202 5.0505 7.0707
4.0404 6.0606 6.0606 5.0505 9.0909 7.0707 0 8.0808 0 0 8.0808 9.0909 1.0101 1.0101 2.0202 8.0808 8.0808 7.0707 5.0505 3.0303 1.0101 2.0202 4.0404 1.0101 4.0404 6.0606 7.0707 8.0808 8.0808 2.0202 7.0707 2.0202 0 4.0404 9.0909 9.0909 3.0303 9.0909 9.0909 5.0505 1.0101 9.0909 6.0606 2.0202 3.0303 9.0909 3.0303 3.0303 8.0808 0 6.0606 0 3.0303 3.0303 3.0303 9.0909 9.0909 0 7.0707 9.0909 2.0202 5.0505 1.0101 5.0505 1.0101 2.0202 4.0404 6.0606 2.0202 6.0606 2.0202 3.0303 7.0707 8.0808 8.0808 2.0202 9.0909 1.0101 5.0505 0 1.0101 4.0404 0 6.0606 7.0707 5.0505 8.0808 8.0808 5.0505 7.0707 7.0707 9.0909 4.0404 0 4.0404 7.0707 4.0404 1.0101 4.0404 6.0606
9.0909 6.0606 2.0202 6.0606 6.0606 0 9.0909 8.0808 3.0303 6.0606 8.0808 6.0606 0 8.0808 5.0505 9.0909 5.0505 5.0505 7.0707 0 2.0202 6.0606 1.0101 9.0909 8.0808 6.0606 6.0606 3.0303 9.0909 2.0202 1.0101 8.0808 0 3.0303 6.0606 7.0707 5.0505 7.0707 5.0505 8.0808 4.0404 3.0303 7.0707 4.0404 3.0303 2.0202 4.0404 8.0808 9.0909 3.0303 0 3.0303 2.0202 3.0303 2.0202 2.0202 1.0101 1.0101 5.0505 0 5.0505 9.0909 0 6.0606 2.0202 7.0707 5.0505 8.0808 6.0606 2.0202 8.0808 0 7.0707 7.0707 7.0707 0 1.0101 3.0303 0 0 6.0606 2.0202 4.0404 0 5.0505 8.0808 3.0303 7.0707 1.0101 8.0808 9.0909 7.0707 9.0909 0 5.0505 2.0202 9.0909 0 2.0202 5.0505
2.0202 2.0202 8.0808 9.0909 0 7.0707 1.0101 3.0303 0 3.0303 4.0404 8.0808 7.0707 0 9.0909 2.0202 0 2.0202 1.0101 2.0202 2.0202 1.0101 1.0101 2.0202 3.0303 6.0606 6.0606 4.0404 8.0808 8.0808 1.0101 0 2.0202 9.0909 1.0101 4.0404 8.0808 2.0202 8.0808 8.0808 7.0707 2.0202 7.0707 4.0404 4.0404 8.0808 8.0808 4.0404 0 0 8.0808 4.0404 3.0303 1.0101 6.0606 6.0606 9.0909 2.0202 2.0202 7.0707 2.0202 3.0303 9.0909 7.0707 3.0303 0 1.0101 3.0303 4.0404 9.0909 2.0202 1.0101 3.0303 1.0101 7.0707 7.0707 9.0909 6.0606 4.0404 1.0101 8.0808 4.0404 5.0505 1.0101 8.0808 2.0202 9.0909 7.0707 6.0606 1.0101 7.0707 1.0101 4.0404 6.0606 8.0808 9.0909 7.0707 9.0909 3.0303 3.0303
9.0909 7.0707 7.0707 4.0404 8.0808 4.0404 4.0404 9.0909 2.0202 8.0808 0 0 4.0404 5.0505 3.0303 2.0202 9.0909 2.0202 2.0202 6.0606 5.0505 9.0909 7.0707 2.0202 5.0505 7.0707 3.0303 4.0404 6.0606 6.0606 0 7.0707 5.0505 7.0707 2.0202 5.0505 3.0303 6.0606 4.0404 6.0606 6.0606 4.0404 6.0606 0 2.0202 0 5.0505 1.0101 4.0404 7.0707 9.0909 0 8.0808 6.0606 4.0404 5.0505 3.0303 7.0707 0 2.0202 6.0606 2.0202 1.0101 1.0101 9.0909 3.0303 7.0707 2.0202 1.0101 3.0303 0 7.0707 8.0808 9.0909 0 0 9.0909 7.0707 3.0303 5.0505 4.0404 3.0303 7.0707 4.0404 1.0101 1.0101 9.0909 7.0707 9.0909 1.0101 9.0909 5.0505 3.0303 0 8.0808 2.0202 6.0606 5.0505 7.0707 7.0707
9.0909 9.0909 7.0707 9.0909 8.0808 9.0909 1.0101 9.0909 6.0606 4.0404 5.0505 2.0202 9.0909 2.0202 6.0606 1.0101 4.0404 5.0505 8.0808 3.0303 9.0909 9.0909 0 2.0202 9.0909 8.0808 7.0707 7.0707 6.0606 6.0606 7.0707 7.0707 5.0505 4.0404 6.0606 4.0404 5.0505 9.0909 3.0303 1.0101 3.0303 8.0808 5.0505 3.0303 3.0303 1.0101 6.0606 7.0707 8.0808 4.0404 2.0202 7.0707 3.0303 4.0404 2.0202 4.0404 2.0202 9.0909 4.0404 0 5.0505 1.0101 7.0707 0 7.0707 3.0303 6.0606 2.0202 2.0202 2.0202 5.0505 8.0808 0 0 3.0303 5.0505 3.0303 9.0909 2.0202 3.0303 5.0505 6.0606 3.0303 0 0 5.0505 6.0606 3.0303 4.0404 0 5.0505 1.0101 3.0303 3.0303 1.0101 0 8.0808 0 4.0404 3.0303
2.0202 1.0101 1.0101 4.0404 1.0101 6.0606 0 6.0606 7.0707 4.0404 2.0202 2.0202 1.0101 5.0505 2.0202 1.0101 0 8.0808 6.0606 6.0606 1.0101 2.0202 7.0707 4.0404 5.0505 0 5.0505 5.0505 0 1.0101 8.0808 2.0202 3.0303 1.0101 9.0909 6.0606 7.0707 9.0909 3.0303 4.0404 3.0303 7.0707 8.0808 6.0606 2.0202 0 8.0808 4.0404 1.0101 4.0404 0 4.0404 8.0808 7.0707 8.0808 5.0505 7.0707 5.0505 1.0101 0 7.0707 9.0909 4.0404 2.0202 1.0101 3.0303 8.0808 0 4.0404 3.0303 5.0505 0 0 3.0303 6.0606 2.0202 6.0606 6.0606 6.0606 9.0909 1.0101 8.0808 3.0303 9.0909 5.0505 3.0303 5.0505 5.0505 9.0909 8.0808 7.0707 8.0808 7.0707 1.0101 0 0 5.0505 8.0808 1.0101 1.0101
2.0202 8.0808 1.0101 2.0202 3.0303 0 7.0707 1.0101 6.0606 5.0505 0 9.0909 4.0404 5.0505 1.0101 1.0101 1.0101 6.0606 8.0808 0 6.0606 5.0505 8.0808 3.0303 7.0707 0 4.0404 4.0404 8.0808 7.0707 5.0505 2.0202 5.0505 9.0909 7.0707 0 9.0909 4.0404 2.0202 7.0707 1.0101 4.0404 7.0707 5.0505 2.0202 8.0808 7.0707 3.0303 6.0606 5.0505 5.0505 2.0202 3.0303 3.0303 5.0505 0 5.0505 1.0101 4.0404 3.0303 0 1.0101 8.0808 7.0707 2.0202 5.0505 8.0808 3.0303 1.0101 2.0202 1.0101 4.0404 8.0808 8.0808 0 0 8.0808 9.0909 5.0505 4.0404 6.0606 0 6.0606 9.0909 5.0505 3.0303 9.0909 0 7.0707 5.0505 6.0606 9.0909 9.0909 4.0404 7.0707 1.0101 1.0101 7.0707 5.0505 2.0202
9.0909 8.0808 6.0606 7.0707 8.0808 8.0808 0 6.0606 9.0909 5.0505 0 6.0606 6.0606 8.0808 5.0505 1.0101 3.0303 7.0707 2.0202 2.0202 4.0404 8.0808 2.0202 3.0303 4.0404 1.0101 7.0707 5.0505 8.0808 4.0404 9.0909 9.0909 2.0202 7.0707 6.0606 0 6.0606 8.0808 8.0808 5.0505 4.0404 0 3.0303 2.0202 8.0808 9.0909 3.0303 3.0303 8.0808 7.0707 8.0808 2.0202 7.0707 0 8.0808 1.0101 1.0101 7.0707 8.0808 1.0101 1.0101 7.0707 0 5.0505 5.0505 8.0808 5.0505 3.0303 7.0707 5.0505 0 3.0303 5.0505 4.0404 5.0505 5.0505 5.0505 0 8.0808 3.0303 0 6.0606 7.0707 7.0707 8.0808 7.0707 1.0101 1.0101 4.0404 1.0101 2.0202 5.0505 9.0909 2.0202 2.0202 6.0606 1.0101 9.0909 1.0101 8.0808
4.0404 1.0101 1.0101 9.0909 7.0707 8.0808 4.0404 2.0202 8.0808 5.0505 7.0707 8.0808 1.0101 7.0707 8.0808 2.0202 4.0404 1.0101 3.0303 1.0101 2.0202 6.0606 8.0808 3.0303 8.0808 1.0101 1.0101 1.0101 0 2.0202 1.0101 5.0505 6.0606 4.0404 6.0606 5.0505 2.0202 1.0101 0 1.0101 6.0606 9.0909 1.0101 9.0909 6.0606 1.0101 1.0101 3.0303 2.0202 7.0707 6.0606 7.0707 3.0303 4.0404 2.0202 3.0303 7.0707 4.0404 7.0707 8.0808 8.0808 8.0808 5.0505 6.0606 3.0303 1.0101 2.0202 7.0707 2.0202 4.0404 0 0 3.0303 2.0202 2.0202 2.0202 5.0505 3.0303 7.0707 8.0808 2.0202 3.0303 7.0707 5.0505 9.0909 9.0909 1.0101 7.0707 5.0505 8.0808 5.0505 6.0606 8.0808 0 2.0202 3.0303 1.0101 6.0606 1.0101 6.0606
0 1.0101 6.0606 6.0606 5.0505 8.0808 8.0808 1.0101 4.0404 5.0505 1.0101 6.0606 0 8.0808 4.0404 9.0909 9.0909 7.0707 6.0606 7.0707 5.0505 1.0101 3.0303 5.0505 3.0303 7.0707 9.0909 7.0707 4.0404 0 3.0303 6.0606 3.0303 1.0101 4.0404 9.0909 0 2.0202 2.0202 6.0606 9.0909 3.0303 4.0404 9.0909 3.0303 8.0808 1.0101 4.0404 5.0505 7.0707 1.0101 2.0202 1.0101 4.0404 8.0808 6.0606 4.0404 9.0909 3.0303 0 1.0101 6.0606 8.0808 4.0404 0 3.0303 5.0505 0 7.0707 7.0707 8.0808 7.0707 2.0202 2.0202 8.0808 5.0505 1.0101 9.0909 0 8.0808 9.0909 3.0303 3.0303 0 0 1.0101 6.0606 4.0404 2.0202 2.0202 4.0404 3.0303 8.0808 2.0202 7.0707 0 7.0707 5.0505 0 5.0505
2.0202 0 2.0202 7.0707 3.0303 2.0202 2.0202 6.0606 4.0404 4.0404 6.0606 3.0303 8.0808 9.0909 5.0505 8.0808 2.0202 3.0303 4.0404 4.0404 5.0505 8.0808 7.0707 6.0606 2.0202 7.0707 6.0606 0 4.0404 9.0909 7.0707 6.0606 9.0909 9.0909 5.0505 2.0202 3.0303 8.0808 0 7.0707 4.0404 7.0707 0 2.0202 8.0808 7.0707 2.0202 1.0101 1.0101 6.0606 7.0707 6.0606 6.0606 5.0505 2.0202 1.0101 4.0404 9.0909 3.0303 8.0808 8.0808 0 6.0606 9.0909 1.0101 2.0202 4.0404 4.0404 2.0202 4.0404 2.0202 6.0606 3.0303 4.0404 1.0101 2.0202 2.0202 3.0303 3.0303 3.0303 2.0202 2.0202 1.0101 0 7.0707 4.0404 1.0101 3.0303 5.0505 4.0404 3.0303 5.0505 6.0606 2.0202 4.0404 7.0707 6.0606 0 2.0202 0
7.0707 6.0606 6.0606 0 2.0202 9.0909 4.0404 6.0606 5.0505 9.0909 9.0909 7.0707 2.0202 3.0303 9.0909 9.0909 9.0909 1.0101 5.0505 4.0404 7.0707 0 1.0101 6.0606 4.0404 7.0707 3.0303 0 8.0808 7.0707 0 5.0505 5.0505 9.0909 7.0707 8.0808 0 2.0202 4.0404 5.0505 1.0101 6.0606 4.0404 3.0303 9.0909 4.0404 5.0505 8.0808 7.0707 0 4.0404 4.0404 2.0202 7.0707 0 7.0707 4.0404 6.0606 9.0909 4.0404 3.0303 2.0202 9.0909 9.0909 1.0101 7.0707 9.0909 1.0101 9.0909 3.0303 9.0909 2.0202 1.0101 3.0303 6.0606 0 7.0707 1.0101 0 4.0404 3.0303 6.0606 1.0101 5.0505 3.0303 3.0303 4.0404 8.0808 1.0101 4.0404 2.0202 5.0505 6.0606 4.0404 6.0606 9.0909 3.0303 5.0505 2.0202 4.0404
0 1.0101 6.0606 2.0202 7.0707 2.0202 4.0404 4.0404 5.0505 7.0707 1.0101 8.0808 3.0303 4.0404 6.0606 9.0909 9.0909 0 7.0707 1.0101 6.0606 1.0101 8.0808 2.0202 7.0707 6.0606 3.0303 0 1.0101 6.0606 6.0606 3.0303 9.0909 3.0303 7.0707 6.0606 7.0707 2.0202 1.0101 3.0303 1.0101 4.0404 3.0303 4.0404 8.0808 9.0909 3.0303 7.0707 2.0202 2.0202 0 8.0808 6.0606 8.0808 1.0101 5.0505 4.0404 4.0404 6.0606 7.0707 2.0202 4.0404 1.0101 2.0202 7.0707 8.0808 8.0808 5.0505 2.0202 1.0101 0 3.0303 5.0505 3.0303 0 5.0505 5.0505 5.0505 5.0505 7.0707 0 5.0505 5.0505 8.0808 4.0404 6.0606 3.0303 0 3.0303 1.0101 8.0808 5.0505 6.0606 1.0101 9.0909 3.0303 9.0909 8.0808 0 4.0404
9.0909 2.0202 7.0707 7.0707 8.0808 9.0909 2.0202 3.0303 5.0505 7.0707 0 5.0505 3.0303 5.0505 3.0303 9.0909 4.0404 8.0808 9.0909 9.0909 0 9.0909 4.0404 6.0606 0 6.0606 1.0101 2.0202 4.0404 4.0404 6.0606 5.0505 6.0606 5.0505 2.0202 4.0404 5.0505 7.0707 7.0707 0 4.0404 9.0909 7.0707 9.0909 5.0505 2.0202 8.0808 1.0101 0 0 0 0 9.0909 6.0606 8.0808 0 2.0202 0 2.0202 8.0808 4.0404 0 4.0404 2.0202 5.0505 6.0606 7.0707 2.0202 5.0505 6.0606 2.0202 0 6.0606 1.0101 1.0101 3.0303 5.0505 2.0202 4.0404 6.0606 2.0202 4.0404 8.0808 3.0303 2.0202 7.0707 3.0303 5.0505 9.0909 7.0707 3.0303 5.0505 7.0707 9.0909 7.0707 5.0505 8.0808 6.0606 7.0707 3.0303
3.0303 2.0202 3.0303 1.0101 5.0505 7.0707 4.0404 1.0101 9.0909 0 9.0909 1.0101 6.0606 7.0707 4.0404 8.0808 6.0606 0 5.0505 5.0505 9.0909 9.0909 0 9.0909 8.0808 8.0808 4.0404 6.0606 4.0404 3.0303 0 9.0909 5.0505 5.0505 0 3.0303 2.0202 6.0606 4.0404 3.0303 6.0606 3.0303 4.0404 2.0202 2.0202 1.0101 3.0303 9.0909 3.0303 8.0808 4.0404 2.0202 9.0909 7.0707 1.0101 0 7.0707 5.0505 8.0808 1.0101 1.0101 8.0808 3.0303 8.0808 6.0606 3.0303 1.0101 0 2.0202 5.0505 6.0606 8.0808 0 0 3.0303 3.0303 3.0303 8.0808 4.0404 6.0606 6.0606 8.0808 9.0909 6.0606 7.0707 0 8.0808 4.0404 8.0808 6.0606 8.0808 9.0909 7.0707 1.0101 7.0707 3.0303 6.0606 1.0101 5.0505 8.0808
6.0606 1.0101 9.0909 9.0909 4.0404 2.0202 4.0404 9.0909 0 8.0808 6.0606 8.0808 8.0808 7.0707 6.0606 6.0606 9.0909 4.0404 0 9.0909 1.0101 0 8.0808 8.0808 1.0101 8.0808 3.0303 8.0808 9.0909 0 6.0606 7.0707 4.0404 5.0505 8.0808 8.0808 9.0909 2.0202 9.0909 1.0101 2.0202 5.0505 0 1.0101 4.0404 6.0606 9.0909 4.0404 1.0101 1.0101 3.0303 4.0404 2.0202 4.0404 2.0202 3.0303 2.0202 5.0505 3.0303 3.0303 7.0707 0 2.0202 1.0101 7.0707 1.0101 9.0909 7.0707 3.0303 9.0909 0 6.0606 6.0606 0 9.0909 3.0303 7.0707 8.0808 7.0707 0 9.0909 2.0202 4.0404 1.0101 6.0606 6.0606 7.0707 0 3.0303 0 5.0505 0 2.0202 8.0808 2.0202 0 9.0909 3.0303 9.0909 4.0404
4.0404 9.0909 2.0202 3.0303 2.0202 1.0101 6.0606 9.0909 1.0101 5.0505 1.0101 3.0303 7.0707 5.0505 6.0606 4.0404 3.0303 3.0303 6.0606 8.0808 4.0404 2.0202 0 8.0808 0 2.0202 0 1.0101 8.0808 1.0101 5.0505 4.0404 1.0101 0 7.0707 5.0505 3.0303 5.0505 6.0606 5.0505 0 7.0707 0 8.0808 4.0404 6.0606 4.0404 9.0909 0 0 7.0707 6.0606 4.0404 7.0707 4.0404 4.0404 2.0202 5.0505 5.0505 0 8.0808 3.0303 6.0606 1.0101 5.0505 4.0404 6.0606 8.0808 1.0101 2.0202 5.0505 2.0202 1.0101 5.0505 2.0202 5.0505 2.0202 8.0808 4.0404 4.0404 0 3.0303 0 5.0505 1.0101 6.0606 9.0909 3.0303 3.0303 7.0707 5.0505 2.0202 2.0202 1.0101 3.0303 7.0707 7.0707 2.0202 7.0707 1.0101
4.0404 3.0303 3.0303 6.0606 8.0808 7.0707 3.0303 2.0202 5.0505 0 6.0606 5.0505 3.0303 8.0808 2.0202 4.0404 5.0505 4.0404 9.0909 0 1.0101 6.0606 4.0404 5.0505 8.0808 8.0808 4.0404 7.0707 0 1.0101 8.0808 6.0606 4.0404 3.0303 4.0404 5.0505 2.0202 8.0808 7.0707 9.0909 8.0808 6.0606 7.0707 3.0303 4.0404 9.0909 0 1.0101 3.0303 9.0909 4.0404 6.0606 6.0606 8.0808 1.0101 6.0606 8.0808 5.0505 5.0505 0 9.0909 6.0606 7.0707 3.0303 1.0101 3.0303 0 4.0404 1.0101 8.0808 3.0303 1.0101 6.0606 0 7.0707 2.0202 2.0202 7.0707 4.0404 5.0505 6.0606 8.0808 2.0202 4.0404 8.0808 5.0505 2.0202 7.0707 3.0303 8.0808 9.0909 2.0202 6.0606 6.0606 7.0707 7.0707 2.0202 8.0808 1.0101 3.0303
8.0808 7.0707 7.0707 6.0606 9.0909 4.0404 8.0808 1.0101 1.0101 2.0202 9.0909 9.0909 2.0202 3.0303 6.0606 3.0303 8.0808 8.0808 0 3.0303 8.0808 9.0909 7.0707 4.0404 8.0808 5.0505 4.0404 0 5.0505 7.0707 5.0505 5.0505 4.0404 4.0404 1.0101 6.0606 0 9.0909 9.0909 1.0101 2.0202 8.0808 3.0303 6.0606 1.0101 9.0909 9.0909 2.0202 9.0909 1.0101 7.0707 8.0808 3.0303 5.0505 4.0404 3.0303 0 0 3.0303 7.0707 8.0808 0 2.0202 4.0404 5.0505 3.0303 2.0202 7.0707 2.0202 2.0202 1.0101 6.0606 2.0202 4.0404 3.0303 6.0606 5.0505 4.0404 8.0808 4.0404 8.0808 7.0707 4.0404 1.0101 2.0202 1.0101 4.0404 4.0404 1.0101 9.0909 1.0101 1.0101 9.0909 3.0303 6.0606 6.0606 6.0606 8.0808 4.0404 1.0101
2.0202 5.0505 7.0707 5.0505 1.0101 2.0202 1.0101 6.0606 7.0707 1.0101 0 7.0707 8.0808 7.0707 8.0808 1.0101 8.0808 2.0202 5.0505 9.0909 3.0303 9.0909 1.0101 2.0202 2.0202 9.0909 1.0101 1.0101 9.0909 7.0707 2.0202 2.0202 4.0404 9.0909 7.0707 5.0505 2.0202 0 1.0101 1.0101 1.0101 3.0303 0 9.0909 0 8.0808 2.0202 8.0808 2.0202 0 0 5.0505 9.0909 3.0303 9.0909 1.0101 2.0202 0 2.0202 1.0101 7.0707 6.0606 5.0505 3.0303 6.0606 2.0202 8.0808 0 2.0202 1.0101 3.0303 5.0505 5.0505 3.0303 5.0505 7.0707 1.0101 9.0909 6.0606 5.0505 9.0909 8.0808 0 8.0808 1.0101 9.0909 2.0202 5.0505 2.0202 6.0606 8.0808 1.0101 3.0303 4.0404 5.0505 9.0909 8.0808 3.0303 1.0101 3.0303
5.0505 4.0404 8.0808 2.0202 9.0909 5.0505 9.0909 2.0202 5.0505 7.0707 7.0707 4.0404 5.0505 7.0707 5.0505 8.0808 8.0808 7.0707 5.0505 2.0202 3.0303 4.0404 4.0404 6.0606 0 9.0909 7.0707 0 4.0404 8.0808 3.0303 1.0101 2.0202 2.0202 3.0303 3.0303 7.0707 3.0303 5.0505 2.0202 2.0202 2.0202 9.0909 8.0808 1.0101 4.0404 8.0808 2.0202 1.0101 4.0404 4.0404 4.0404 0 8.0808 3.0303 2.0202 9.0909 0 2.0202 4.0404 9.0909 6.0606 7.0707 3.0303 0 1.0101 7.0707 9.0909 6.0606 2.0202 2.0202 8.0808 7.0707 3.0303 8.0808 8.0808 7.0707 9.0909 0 0 3.0303 5.0505 6.0606 5.0505 5.0505 9.0909 9.0909 7.0707 0 1.0101 1.0101 1.0101 9.0909 8.0808 4.0404 1.0101 1.0101 1.0101 1.0101 7.0707
6.0606 5.0505 8.0808 3.0303 8.0808 6.0606 3.0303 7.0707 5.0505 4.0404 7.0707 0 1.0101 3.0303 7.0707 8.0808 5.0505 6.0606 5.0505 5.0505 0 8.0808 8.0808 1.0101 9.0909 2.0202 3.0303 0 6.0606 6.0606 0 4.0404 1.0101 8.0808 7.0707 1.0101 6.0606 2.0202 8.0808 4.0404 6.0606 7.0707 6.0606 9.0909 2.0202 4.0404 0 7.0707 2.0202 5.0505 4.0404 2.0202 4.0404 2.0202 4.0404 5.0505 7.0707 9.0909 5.0505 3.0303 5.0505 5.0505 9.0909 8.0808 5.0505 8.0808 9.0909 4.0404 0 7.0707 8.0808 9.0909 6.0606 4.0404 8.0808 8.0808 0 0 6.0606 3.0303 6.0606 2.0202 5.0505 2.0202 5.0505 1.0101 7.0707 2.0202 2.0202 4.0404 7.0707 7.0707 2.0202 8.0808 5.0505 9.0909 6.0606 6.0606 3.0303 6.0606
5.0505 1.0101 5.0505 1.0101 8.0808 6.0606 0 8.0808 6.0606 8.0808 1.0101 4.0404 0 9.0909 8.0808 5.0505 2.0202 7.0707 9.0909 5.0505 2.0202 8.0808 4.0404 6.0606 6.0606 2.0202 5.0505 2.0202 8.0808 1.0101 1.0101 4.0404 2.0202 6.0606 5.0505 2.0202 2.0202 7.0707 1.0101 1.0101 5.0505 2.0202 5.0505 6.0606 3.0303 4.0404 3.0303 6.0606 3.0303 3.0303 1.0101 5.0505 3.0303 7.0707 3.0303 2.0202 9.0909 1.0101 4.0404 8.0808 2.0202 5.0505 4.0404 4.0404 4.0404 1.0101 9.0909 8.0808 9.0909 0 9.0909 4.0404 4.0404 7.0707 2.0202 8.0808 3.0303 6.0606 4.0404 6.0606 1.0101 7.0707 4.0404 4.0404 4.0404 7.0707 6.0606 4.0404 8.0808 3.0303 4.0404 0 0 0 7.0707 4.0404 1.0101 6.0606 3.0303 2.0202
6.0606 2.0202 9.0909 2.0202 9.0909 1.0101 0 2.0202 7.0707 6.0606 1.0101 8.0808 3.0303 5.0505 5.0505 0 2.0202 3.0303 6.0606 1.0101 6.0606 2.0202 3.0303 7.0707 2.0202 0 1.0101 5.0505 8.0808 6.0606 8.0808 6.0606 1.0101 9.0909 9.0909 2.0202 0 9.0909 7.0707 0 8.0808 8.0808 0 3.0303 3.0303 5.0505 3.0303 5.0505 9.0909 9.0909 8.0808 7.0707 1.0101 4.0404 4.0404 3.0303 6.0606 8.0808 1.0101 5.0505 6.0606 9.0909 1.0101 7.0707 0 2.0202 0 0 4.0404 7.0707 0 2.0202 7.0707 3.0303 5.0505 0 8.0808 9.0909 7.0707 9.0909 0 6.0606 9.0909 2.0202 0 5.0505 7.0707 6.0606 5.0505 8.0808 3.0303 2.0202 9.0909 7.0707 1.0101 1.0101 9.0909 1.0101 2.0202 3.0303
0 4.0404 5.0505 7.0707 7.0707 1.0101 9.0909 8.0808 2.0202 7.0707 9.0909 2.0202 5.0505 8.0808 6.0606 7.0707 4.0404 6.0606 5.0505 9.0909 6.0606 9.0909 1.0101 8.0808 6.0606 3.0303 9.0909 5.0505 6.0606 1.0101 9.0909 9.0909 8.0808 6.0606 8.0808 5.0505 9.0909 8.0808 5.0505 1.0101 5.0505 5.0505 6.0606 0 3.0303 4.0404 7.0707 9.0909 0 2.0202 9.0909 7.0707 3.0303 2.0202 7.0707 9.0909 7.0707 6.0606 7.0707 6.0606 0 8.0808 5.0505 8.0808 4.0404 3.0303 5.0505 4.0404 3.0303 3.0303 7.0707 8.0808 8.0808 5.0505 0 3.0303 0 7.0707 3.0303 0 2.0202 4.0404 9.0909 5.0505 6.0606 8.0808 7.0707 6.0606 5.0505 4.0404 2.0202 7.0707 2.0202 9.0909 7.0707 8.0808 4.0404 4.0404 2.0202 8.0808
7.0707 2.0202 8.0808 7.0707 7.0707 9.0909 1.0101 7.0707 8.0808 6.0606 0 0 0 1.0101 8.0808 8.0808 0 5.0505 4.0404 7.0707 1.0101 8.0808 4.0404 5.0505 7.0707 3.0303 3.0303 2.0202 7.0707 8.0808 2.0202 5.0505 0 0 2.0202 7.0707 9.0909 5.0505 5.0505 8.0808 1.0101 7.0707 0 1.0101 8.0808 0 0 8.0808 7.0707 6.0606 5.0505 8.0808 5.0505 1.0101 3.0303 4.0404 4.0404 9.0909 6.0606 2.0202 7.0707 0 9.0909 7.0707 1.0101 3.0303 4.0404 0 9.0909 1.0101 0 0 8.0808 3.0303 4.0404 9.0909 3.0303 4.0404 7.0707 1.0101 2.0202 5.0505 1.0101 7.0707 6.0606 7.0707 2.0202 3.0303 6.0606 0 7.0707 5.0505 1.0101 6.0606 2.0202 4.0404 1.0101 8.0808 4.0404 0
2.0202 7.0707 3.0303 0 0 7.0707 1.0101 3.0303 3.0303 9.0909 6.0606 5.0505 6.0606 8.0808 5.0505 2.0202 7.0707 9.0909 7.0707 3.0303 1.0101 4.0404 8.0808 2.0202 2.0202 2.0202 6.0606 4.0404 2.0202 3.0303 6.0606 4.0404 0 9.0909 7.0707 0 8.0808 8.0808 5.0505 1.0101 7.0707 4.0404 9.0909 5.0505 2.0202 4.0404 0 1.0101 3.0303 7.0707 6.0606 4.0404 2.0202 6.0606 9.0909 6.0606 8.0808 7.0707 2.0202 0 2.0202 9.0909 7.0707 2.0202 0 4.0404 4.0404 9.0909 2.0202 2.0202 0 2.0202 6.0606 1.0101 7.0707 0 5.0505 7.0707 1.0101 0 7.0707 7.0707 7.0707 1.0101 3.0303 6.0606 7.0707 3.0303 5.0505 0 5.0505 8.0808 9.0909 2.0202 2.0202 1.0101 8.0808 7.0707 0 3.0303
1.0101 3.0303 5.0505 7.0707 4.0404 4.0404 7.0707 2.0202 4.0404 0 2.0202 1.0101 7.0707 9.0909 2.0202 2.0202 7.0707 9.0909 7.0707 5.0505 1.0101 4.0404 3.0303 2.0202 9.0909 5.0505 4.0404 7.0707 4.0404 4.0404 0 5.0505 9.0909 7.0707 2.0202 4.0404 2.0202 1.0101 6.0606 8.0808 1.0101 0 9.0909 0 2.0202 1.0101 4.0404 1.0101 2.0202 3.0303 6.0606 4.0404 8.0808 9.0909 8.0808 7.0707 7.0707 2.0202 6.0606 3.0303 9.0909 9.0909 9.0909 8.0808 6.0606 3.0303 4.0404 0 5.0505 2.0202 8.0808 8.0808 3.0303 9.0909 1.0101 7.0707 0 5.0505 8.0808 3.0303 9.0909 5.0505 9.0909 9.0909 6.0606 7.0707 6.0606 5.0505 2.0202 4.0404 9.0909 1.0101 3.0303 8.0808 9.0909 2.0202 3.0303 4.0404 4.0404 0
6.0606 5.0505 9.0909 1.0101 4.0404 0 8.0808 5.0505 7.0707 9.0909 0 6.0606 4.0404 1.0101 5.0505 2.0202 8.0808 3.0303 8.0808 0 0 7.0707 1.0101 3.0303 7.0707 3.0303 7.0707 0 9.0909 2.0202 1.0101 7.0707 7.0707 2.0202 9.0909 3.0303 4.0404 9.0909 8.0808 1.0101 8.0808 0 8.0808 4.0404 1.0101 5.0505 7.0707 0 1.0101 7.0707 2.0202 1.0101 6.0606 6.0606 6.0606 3.0303 9.0909 4.0404 5.0505 0 8.0808 6.0606 7.0707 7.0707 0 8.0808 0 4.0404 8.0808 1.0101 6.0606 8.0808 1.0101 6.0606 3.0303 3.0303 3.0303 2.0202 5.0505 4.0404 9.0909 9.0909 7.0707 5.0505 5.0505 4.0404 0 6.0606 0 5.0505 8.0808 0 4.0404 6.0606 7.0707 4.0404 4.0404 9.0909 9.0909 4.0404
2.0202 7.0707 3.0303 4.0404 5.0505 8.0808 9.0909 8.0808 0 6.0606 5.0505 1.0101 5.0505 2.0202 8.0808 3.0303 8.0808 8.0808 1.0101 0 3.0303 0 0 9.0909 8.0808 9.0909 4.0404 2.0202 1.0101 5.0505 9.0909 3.0303 4.0404 4.0404 9.0909 9.0909 2.0202 8.0808 9.0909 4.0404 6.0606 4.0404 5.0505 4.0404 9.0909 5.0505 7.0707 9.0909 3.0303 8.0808 0 8.0808 0 2.0202 8.0808 8.0808 4.0404 2.0202 3.0303 5.0505 9.0909 2.0202 8.0808 3.0303 8.0808 8.0808 4.0404 2.0202 8.0808 3.0303 6.0606 5.0505 0 3.0303 9.0909 1.0101 8.0808 8.0808 0 3.0303 8.0808 2.0202 1.0101 9.0909 5.0505 9.0909 7.0707 1.0101 3.0303 2.0202 6.0606 4.0404 4.0404 6.0606 9.0909 4.0404 6.0606 3.0303 6.0606 7.0707
7.0707 4.0404 2.0202 9.0909 9.0909 3.0303 0 9.0909 3.0303 2.0202 2.0202 1.0101 5.0505 6.0606 2.0202 2.0202 7.0707 2.0202 3.0303 3.0303 4.0404 1.0101 7.0707 1.0101 7.0707 7.0707 5.0505 6.0606 0 4.0404 3.0303 9.0909 8.0808 7.0707 0 0 0 0 9.0909 5.0505 5.0505 4.0404 8.0808 2.0202 0 1.0101 4.0404 7.0707 3.0303 9.0909 0 9.0909 2.0202 0 0 9.0909 7.0707 6.0606 7.0707 9.0909 2.0202 0 1.0101 0 7.0707 1.0101 0 9.0909 4.0404 2.0202 4.0404 1.0101 6.0606 3.0303 3.0303 6.0606 6.0606 9.0909 5.0505 1.0101 0 8.0808 0 2.0202 0 1.0101 3.0303 9.0909 9.0909 1.0101 8.0808 1.0101 1.0101 1.0101 3.0303 9.0909 5.0505 6.0606 8.0808 9.0909
8.0808 5.0505 0 4.0404 0 5.0505 2.0202 6.0606 4.0404 9.0909 7.0707 4.0404 7.0707 7.0707 6.0606 7.0707 0 9.0909 6.0606 1.0101 0 7.0707 2.0202 4.0404 0 8.0808 3.0303 5.0505 4.0404 3.0303 6.0606 4.0404 0 6.0606 0 0 3.0303 4.0404 6.0606 7.0707 3.0303 3.0303 3.0303 3.0303 3.0303 9.0909 2.0202 3.0303 1.0101 1.0101 5.0505 3.0303 8.0808 9.0909 7.0707 8.0808 7.0707 2.0202 6.0606 3.0303 8.0808 2.0202 9.0909 8.0808 9.0909 9.0909 9.0909 4.0404 3.0303 5.0505 2.0202 9.0909 1.0101 5.0505 2.0202 6.0606 7.0707 4.0404 9.0909 0 5.0505 6.0606 5.0505 5.0505 8.0808 5.0505 6.0606 7.0707 7.0707 2.0202 3.0303 7.0707 4.0404 2.0202 6.0606 5.0505 2.0202 7.0707 0 7.0707
2.0202 4.0404 6.0606 5.0505 1.0101 8.0808 1.0101 0 5.0505 3.0303 0 2.0202 1.0101 6.0606 8.0808 9.0909 1.0101 6.0606 9.0909 0 8.0808 2.0202 8.0808 2.0202 4.0404 6.0606 0 8.0808 3.0303 0 6.0606 7.0707 6.0606 4.0404 5.0505 7.0707 5.0505 6.0606 8.0808 0 1.0101 0 2.0202 3.0303 8.0808 2.0202 4.0404 1.0101 8.0808 3.0303 2.0202 6.0606 5.0505 2.0202 1.0101 0 0 1.0101 8.0808 3.0303 3.0303 6.0606 2.0202 9.0909 1.0101 7.0707 8.0808 6.0606 4.0404 6.0606 6.0606 5.0505 7.0707 0 0 7.0707 3.0303 5.0505 9.0909 3.0303 8.0808 1.0101 0 4.0404 5.0505 3.0303 6.0606 5.0505 6.0606 4.0404 0 9.0909 1.0101 2.0202 0 4.0404 0 8.0808 0 6.0606
7.0707 8.0808 3.0303 6.0606 8.0808 4.0404 3.0303 3.0303 9.0909 2.0202 7.0707 9.0909 5.0505 9.0909 3.0303 0 2.0202 1.0101 7.0707 8.0808 6.0606 7.0707 9.0909 9.0909 0 1.0101 3.0303 2.0202 1.0101 3.0303 8.0808 8.0808 1.0101 1.0101 6.0606 1.0101 7.0707 0 5.0505 8.0808 4.0404 2.0202 8.0808 0 3.0303 3.0303 2.0202 5.0505 5.0505 0 5.0505 3.0303 7.0707 6.0606 4.0404 7.0707 9.0909 7.0707 9.0909 0 2.0202 9.0909 9.0909 5.0505 3.0303 5.0505 6.0606 0 7.0707 3.0303 9.0909 2.0202 7.0707 9.0909 2.0202 0 4.0404 4.0404 7.0707 9.0909 4.0404 4.0404 4.0404 4.0404 2.0202 8.0808 3.0303 1.0101 7.0707 5.0505 2.0202 9.0909 4.0404 3.0303 6.0606 7.0707 8.0808 5.0505 0 8.0808
8.0808 9.0909 0 8.0808 0 4.0404 0 4.0404 8.0808 8.0808 6.0606 5.0505 4.0404 0 1.0101 7.0707 9.0909 4.0404 8.0808 6.0606 9.0909 0 8.0808 4.0404 3.0303 4.0404 3.0303 4.0404 1.0101 3.0303 2.0202 0 4.0404 4.0404 0 4.0404 8.0808 0 9.0909 8.0808 8.0808 5.0505 5.0505 3.0303 7.0707 6.0606 2.0202 8.0808 1.0101 0 7.0707 2.0202 1.0101 5.0505 6.0606 6.0606 1.0101 2.0202 2.0202 3.0303 5.0505 4.0404 5.0505 0 8.0808 5.0505 6.0606 8.0808 5.0505 5.0505 7.0707 6.0606 2.0202 2.0202 1.0101 0 9.0909 3.0303 0 2.0202 3.0303 7.0707 4.0404 6.0606 4.0404 3.0303 5.0505 8.0808 5.0505 7.0707 3.0303 2.0202 4.0404 8.0808 2.0202 2.0202 5.0505 9.0909 1.0101 2.0202
6.0606 0 8.0808 1.0101 2.0202 9.0909 3.0303 3.0303 2.0202 3.0303 7.0707 8.0808 1.0101 2.0202 4.0404 7.0707 7.0707 1.0101 5.0505 2.0202 9.0909 8.0808 4.0404 3.0303 8.0808 9.0909 7.0707 3.0303 0 0 8.0808 6.0606 0 6.0606 7.0707 5.0505 6.0606 0 8.0808 0 6.0606 8.0808 0 9.0909 0 5.0505 6.0606 7.0707 6.0606 4.0404 1.0101 7.0707 2.0202 7.0707 0 3.0303 6.0606 8.0808 8.0808 6.0606 0 6.0606 5.0505 1.0101 3.0303 2.0202 6.0606 1.0101 5.0505 6.0606 3.0303 3.0303 4.0404 4.0404 2.0202 6.0606 1.0101 8.0808 5.0505 9.0909 4.0404 8.0808 7.0707 7.0707 6.0606 9.0909 2.0202 2.0202 9.0909 0 1.0101 0 9.0909 6.0606 1.0101 2.0202 8.0808 9.0909 5.0505 5.0505
5.0505 0 8.0808 2.0202 4.0404 0 0 7.0707 1.0101 8.0808 7.0707 5.0505 6.0606 6.0606 4.0404 2.0202 5.0505 8.0808 5.0505 5.0505 9.0909 6.0606 5.0505 8.0808 2.0202 8.0808 2.0202 2.0202 7.0707 9.0909 0 4.0404 9.0909 0 8.0808 6.0606 3.0303 9.0909 3.0303 6.0606 9.0909 2.0202 1.0101 5.0505 8.0808 8.0808 8.0808 4.0404 6.0606 5.0505 1.0101 7.0707 3.0303 8.0808 7.0707 7.0707 6.0606 1.0101 1.0101 5.0505 0 1.0101 9.0909 2.0202 4.0404 0 8.0808 7.0707 1.0101 1.0101 3.0303 0 4.0404 6.0606 5.0505 4.0404 6.0606 5.0505 0 5.0505 0 1.0101 2.0202 5.0505 9.0909 2.0202 2.0202 7.0707 3.0303 6.0606 2.0202 6.0606 9.0909 2.0202 8.0808 3.0303 4.0404 8.0808 0 5.0505
1.0101 3.0303 5.0505 5.0505 2.0202 0 2.0202 8.0808 6.0606 2.0202 3.0303 8.0808 4.0404 8.0808 6.0606 5.0505 2.0202 0 3.0303 5.0505 6.0606 5.0505 3.0303 6.0606 9.0909 3.0303 9.0909 3.0303 1.0101 2.0202 8.0808 3.0303 7.0707 5.0505 0 9.0909 6.0606 2.0202 0 4.0404 5.0505 3.0303 4.0404 1.0101 3.0303 0 8.0808 5.0505 1.0101 1.0101 3.0303 9.0909 9.0909 6.0606 5.0505 8.0808 0 7.0707 4.0404 3.0303 1.0101 4.0404 6.0606 8.0808 0 9.0909 0 8.0808 1.0101 0 2.0202 8.0808 5.0505 8.0808 1.0101 9.0909 9.0909 0 4.0404 2.0202 1.0101 7.0707 1.0101 2.0202 6.0606 9.0909 3.0303 8.0808 6.0606 7.0707 1.0101 7.0707 1.0101 0 7.0707 3.0303 9.0909 7.0707 1.0101 2.0202
9.0909 5.0505 1.0101 5.0505 4.0404 4.0404 6.0606 5.0505 4.0404 0 9.0909 8.0808 0 0 0 6.0606 9.0909 3.0303 6.0606 7.0707 0 7.0707 6.0606 4.0404 9.0909 6.0606 9.0909 8.0808 5.0505 1.0101 1.0101 5.0505 6.0606 4.0404 2.0202 2.0202 8.0808 8.0808 9.0909 5.0505 0 8.0808 3.0303 0 9.0909 3.0303 8.0808 0 7.0707 4.0404 0 9.0909 4.0404 8.0808 5.0505 3.0303 4.0404 5.0505 4.0404 0 8.0808 7.0707 7.0707 6.0606 3.0303 1.0101 9.0909 1.0101 9.0909 8.0808 8.0808 9.0909 7.0707 1.0101 2.0202 8.0808 7.0707 2.0202 0 4.0404 9.0909 2.0202 5.0505 3.0303 1.0101 1.0101 8.0808 7.0707 8.0808 2.0202 9.0909 6.0606 1.0101 6.0606 2.0202 4.0404 7.0707 1.0101 8.0808 8.0808
2.0202 6.0606 0 1.0101 8.0808 4.0404 9.0909 5.0505 6.0606 1.0101 1.0101 5.0505 4.0404 8.0808 0 5.0505 9.0909 1.0101 4.0404 7.0707 5.0505 4.0404 5.0505 7.0707 2.0202 8.0808 1.0101 2.0202 1.0101 9.0909 0 5.0505 8.0808 2.0202 6.0606 8.0808 6.0606 7.0707 5.0505 5.0505 9.0909 6.0606 2.0202 3.0303 4.0404 3.0303 0 6.0606 4.0404 6.0606 5.0505 1.0101 0 1.0101 8.0808 5.0505 1.0101 2.0202 7.0707 4.0404 1.0101 9.0909 0 1.0101 4.0404 8.0808 9.0909 0 6.0606 4.0404 5.0505 5.0505 0 8.0808 0 7.0707 3.0303 2.0202 5.0505 9.0909 8.0808 0 0 9.0909 3.0303 1.0101 4.0404 6.0606 3.0303 3.0303 1.0101 6.0606 4.0404 3.0303 8.0808 8.0808 1.0101 7.0707 9.0909 7.0707
2.0202 6.0606 4.0404 4.0404 6.0606 4.0404 3.0303 1.0101 6.0606 8.0808 2.0202 5.0505 1.0101 5.0505 6.0606 4.0404 6.0606 2.0202 1.0101 9.0909 5.0505 2.0202 7.0707 1.0101 7.0707 5.0505 0 8.0808 5.0505 1.0101 6.0606 9.0909 9.0909 0 3.0303 8.0808 7.0707 9.0909 9.0909 3.0303 7.0707 2.0202 0 0 9.0909 6.0606 5.0505 5.0505 0 8.0808 6.0606 7.0707 2.0202 3.0303 9.0909 9.0909 1.0101 9.0909 7.0707 6.0606 2.0202 3.0303 5.0505 1.0101 6.0606 0 9.0909 3.0303 9.0909 1.0101 8.0808 9.0909 5.0505 9.0909 9.0909 4.0404 7.0707 6.0606 9.0909 8.0808 4.0404 7.0707 5.0505 6.0606 0 4.0404 5.0505 1.0101 5.0505 3.0303 9.0909 7.0707 8.0808 4.0404 1.0101 6.0606 7.0707 0 1.0101 6.0606
1.0101 0 7.0707 6.0606 1.0101 7.0707 2.0202 8.0808 3.0303 1.0101 8.0808 0 8.0808 4.0404 6.0606 1.0101 0 2.0202 4.0404 6.0606 7.0707 6.0606 5.0505 7.0707 0 6.0606 6.0606 9.0909 9.0909 7.0707 6.0606 0 9.0909 5.0505 9.0909 0 2.0202 1.0101 9.0909 8.0808 5.0505 7.0707 8.0808 5.0505 3.0303 6.0606 8.0808 4.0404 8.0808 3.0303 2.0202 7.0707 9.0909 9.0909 7.0707 1.0101 8.0808 3.0303 1.0101 7.0707 2.0202 9.0909 9.0909 2.0202 4.0404 0 2.0202 9.0909 2.0202 3.0303 7.0707 9.0909 3.0303 7.0707 4.0404 8.0808 3.0303 3.0303 4.0404 4.0404 8.0808 8.0808 3.0303 9.0909 8.0808 0 0 6.0606 5.0505 3.0303 5.0505 8.0808 2.0202 4.0404 2.0202 7.0707 5.0505 4.0404 6.0606 9.0909
0 5.0505 0 5.0505 4.0404 6.0606 3.0303 7.0707 9.0909 8.0808 1.0101 9.0909 6.0606 7.0707 8.0808 6.0606 7.0707 1.0101 4.0404 3.0303 4.0404 9.0909 3.0303 9.0909 4.0404 5.0505 6.0606 1.0101 1.0101 4.0404 2.0202 1.0101 1.0101 2.0202 8.0808 5.0505 8.0808 2.0202 4.0404 0 2.0202 8.0808 9.0909 8.0808 5.0505 0 7.0707 2.0202 1.0101 1.0101 7.0707 7.0707 3.0303 2.0202 6.0606 9.0909 9.0909 4.0404 0 1.0101 0 2.0202 4.0404 3.0303 4.0404 3.0303 0 2.0202 5.0505 5.0505 2.0202 7.0707 3.0303 4.0404 7.0707 8.0808 6.0606 6.0606 2.0202 7.0707 0 2.0202 6.0606 3.0303 4.0404 3.0303 2.0202 6.0606 9.0909 2.0202 7.0707 2.0202 6.0606 1.0101 5.0505 2.0202 6.0606 6.0606 6.0606 3.0303
1.0101 9.0909 0 6.0606 5.0505 0 4.0404 1.0101 8.0808 8.0808 0 8.0808 0 6.0606 1.0101 7.0707 1.0101 5.0505 3.0303 3.0303 7.0707 2.0202 5.0505 5.0505 5.0505 0 7.0707 2.0202 6.0606 4.0404 5.0505 9.0909 5.0505 8.0808 5.0505 2.0202 0 1.0101 3.0303 8.0808 0 5.0505 7.0707 2.0202 3.0303 0 1.0101 7.0707 6.0606 6.0606 0 5.0505 8.0808 5.0505 1.0101 4.0404 7.0707 0 8.0808 4.0404 6.0606 3.0303 5.0505 1.0101 3.0303 1.0101 5.0505 3.0303 4.0404 0 4.0404 6.0606 5.0505 3.0303 9.0909 9.0909 3.0303 2.0202 8.0808 1.0101 9.0909 8.0808 7.0707 9.0909 5.0505 0 5.0505 2.0202 2.0202 3.0303 8.0808 9.0909 9.0909 4.0404 2.0202 4.0404 7.0707 8.0808 8.0808 1.0101
0 4.0404 8.0808 6.0606 7.0707 9.0909 7.0707 2.0202 3.0303 5.0505 4.0404 2.0202 5.0505 3.0303 4.0404 0 5.0505 9.0909 2.0202 7.0707 5.0505 1.0101 8.0808 6.0606 7.0707 1.0101 0 6.0606 1.0101 0 9.0909 3.0303 4.0404 7.0707 9.0909 1.0101 8.0808 8.0808 4.0404 2.0202 5.0505 0 6.0606 0 3.0303 2.0202 0 8.0808 2.0202 5.0505 7.0707 9.0909 8.0808 6.0606 7.0707 5.0505 9.0909 7.0707 3.0303 2.0202 8.0808 2.0202 5.0505 4.0404 0 7.0707 6.0606 0 5.0505 2.0202 4.0404 1.0101 4.0404 3.0303 3.0303 7.0707 5.0505 6.0606 7.0707 9.0909 1.0101 4.0404 8.0808 9.0909 0 5.0505 6.0606 9.0909 5.0505 9.0909 1.0101 5.0505 1.0101 9.0909 9.0909 3.0303 6.0606 7.0707 6.0606 1.0101
1.0101 0 4.0404 5.0505 3.0303 0 2.0202 9.0909 6.0606 9.0909 8.0808 7.0707 4.0404 9.0909 8.0808 6.0606 6.0606 4.0404 6.0606 1.0101 5.0505 9.0909 8.0808 6.0606 8.0808 8.0808 2.0202 4.0404 5.0505 8.0808 8.0808 7.0707 8.0808 4.0404 2.0202 4.0404 4.0404 7.0707 5.0505 0 8.0808 3.0303 9.0909 4.0404 4.0404 7.0707 1.0101 1.0101 3.0303 7.0707 4.0404 8.0808 8.0808 5.0505 5.0505 7.0707 3.0303 9.0909 3.0303 0 7.0707 3.0303 9.0909 7.0707 8.0808 4.0404 1.0101 4.0404 1.0101 6.0606 7.0707 1.0101 2.0202 8.0808 6.0606 8.0808 6.0606 7.0707 1.0101 1.0101 6.0606 8.0808 0 4.0404 3.0303 7.0707 3.0303 6.0606 6.0606 9.0909 8.0808 5.0505 2.0202 8.0808 2.0202 2.0202 2.0202 6.0606 9.0909 5.0505
4.0404 6.0606 8.0808 6.0606 6.0606 4.0404 7.0707 2.0202 1.0101 8.0808 6.0606 7.0707 6.0606 6.0606 4.0404 9.0909 5.0505 9.0909 7.0707 1.0101 8.0808 6.0606 6.0606 1.0101 6.0606 0 5.0505 0 6.0606 4.0404 7.0707 1.0101 2.0202 5.0505 9.0909 9.0909 0 6.0606 3.0303 3.0303 5.0505 9.0909 3.0303 3.0303 7.0707 7.0707 5.0505 2.0202 6.0606 4.0404 5.0505 7.0707 0 1.0101 0 8.0808 2.0202 5.0505 8.0808 0 2.0202 7.0707 1.0101 4.0404 3.0303 1.0101 5.0505 5.0505 7.0707 1.0101 8.0808 4.0404 0 1.0101 0 0 0 5.0505 2.0202 9.0909 9.0909 8.0808 6.0606 2.0202 1.0101 6.0606 2.0202 5.0505 3.0303 3.0303 6.0606 5.0505 0 7.0707 2.0202 3.0303 0 9.0909 0 0
0 9.0909 4.0404 1.0101 2.0202 6.0606 3.0303 3.0303 3.0303 5.0505 4.0404 5.0505 5.0505 0 9.0909 7.0707 8.0808 1.0101 2.0202 3.0303 4.0404 8.0808 9.0909 7.0707 8.0808 3.0303 2.0202 8.0808 2.0202 3.0303 8.0808 3.0303 2.0202 5.0505 6.0606 4.0404 1.0101 9.0909 9.0909 5.0505 6.0606 3.0303 0 2.0202 5.0505 9.0909 9.0909 5.0505 2.0202 1.0101 9.0909 9.0909 2.0202 0 6.0606 0 3.0303 8.0808 8.0808 5.0505 3.0303 9.0909 0 5.0505 4.0404 6.0606 2.0202 5.0505 7.0707 3.0303 2.0202 4.0404 9.0909 2.0202 6.0606 6.0606 3.0303 5.0505 4.0404 8.0808 8.0808 3.0303 7.0707 2.0202 5.0505 5.0505 2.0202 0 5.0505 3.0303 7.0707 9.0909 2.0202 8.0808 6.0606 6.0606 6.0606 0 3.0303 4.0404
6.0606 6.0606 8.0808 5.0505 0 6.0606 3.0303 6.0606 1.0101 7.0707 4.0404 1.0101 2.0202 3.0303 4.0404 7.0707 8.0808 8.0808 7.0707 5.0505 3.0303 7.0707 4.0404 5.0505 5.0505 3.0303 3.0303 1.0101 3.0303 7.0707 5.0505 9.0909 5.0505 5.0505 6.0606 5.0505 1.0101 0 3.0303 4.0404 9.0909 9.0909 8.0808 2.0202 2.0202 4.0404 1.0101 2.0202 2.0202 9.0909 0 6.0606 8.0808 4.0404 3.0303 3.0303 9.0909 9.0909 6.0606 5.0505 6.0606 2.0202 6.0606 3.0303 9.0909 3.0303 0 3.0303 5.0505 4.0404 7.0707 4.0404 3.0303 5.0505 8.0808 8.0808 9.0909 0 0 4.0404 1.0101 0 2.0202 9.0909 7.0707 7.0707 2.0202 8.0808 6.0606 8.0808 3.0303 2.0202 2.0202 2.0202 7.0707 4.0404 7.0707 8.0808 7.0707 2.0202
2.0202 4.0404 8.0808 5.0505 2.0202 7.0707 5.0505 3.0303 9.0909 8.0808 7.0707 0 0 1.0101 9.0909 9.0909 9.0909 3.0303 8.0808 5.0505 3.0303 3.0303 0 8.0808 5.0505 7.0707 2.0202 2.0202 5.0505 9.0909 6.0606 9.0909 5.0505 7.0707 7.0707 9.0909 6.0606 2.0202 3.0303 5.0505 0 2.0202 5.0505 1.0101 4.0404 6.0606 0 5.0505 1.0101 0 0 4.0404 4.0404 2.0202 2.0202 1.0101 0 6.0606 4.0404 7.0707 7.0707 2.0202 7.0707 3.0303 9.0909 4.0404 2.0202 5.0505 8.0808 7.0707 0 9.0909 0 7.0707 2.0202 6.0606 3.0303 2.0202 3.0303 6.0606 5.0505 3.0303 1.0101 9.0909 8.0808 5.0505 0 0 2.0202 6.0606 7.0707 9.0909 9.0909 6.0606 4.0404 8.0808 0 9.0909 6.0606 9.0909
6.0606 6.0606 0 8.0808 6.0606 2.0202 6.0606 1.0101 6.0606 9.0909 8.0808 1.0101 5.0505 9.0909 2.0202 3.0303 6.0606 3.0303 3.0303 8.0808 1.0101 2.0202 0 2.0202 9.0909 4.0404 3.0303 9.0909 3.0303 9.0909 0 0 7.0707 0 0 3.0303 2.0202 7.0707 5.0505 1.0101 8.0808 5.0505 2.0202 3.0303 4.0404 5.0505 8.0808 2.0202 0 1.0101 1.0101 1.0101 6.0606 1.0101 6.0606 5.0505 7.0707 9.0909 4.0404 1.0101 8.0808 7.0707 3.0303 7.0707 7.0707 3.0303 1.0101 2.0202 2.0202 8.0808 3.0303 1.0101 3.0303 7.0707 6.0606 9.0909 2.0202 5.0505 1.0101 4.0404 8.0808 4.0404 8.0808 4.0404 7.0707 4.0404 1.0101 5.0505 3.0303 6.0606 6.0606 3.0303 5.0505 9.0909 0 4.0404 4.0404 3.0303 8.0808 9.0909
3.0303 1.0101 0 6.0606 1.0101 8.0808 7.0707 3.0303 5.0505 1.0101 8.0808 6.0606 5.0505 8.0808 0 3.0303 2.0202 2.0202 8.0808 5.0505 0 6.0606 0 7.0707 7.0707 0 1.0101 3.0303 6.0606 0 2.0202 9.0909 3.0303 4.0404 8.0808 4.0404 3.0303 7.0707 0 8.0808 8.0808 0 4.0404 6.0606 8.0808 7.0707 9.0909 0 1.0101 9.0909 7.0707 3.0303 7.0707 7.0707 0 4.0404 9.0909 3.0303 7.0707 5.0505 3.0303 0 7.0707 7.0707 6.0606 7.0707 3.0303 9.0909 4.0404 3.0303 0 3.0303 5.0505 6.0606 9.0909 3.0303 5.0505 0 5.0505 6.0606 1.0101 2.0202 1.0101 8.0808 1.0101 1.0101 2.0202 1.0101 5.0505 1.0101 8.0808 0 3.0303 7.0707 9.0909 0 4.0404 3.0303 1.0101 9.0909
8.0808 1.0101 4.0404 4.0404 0 3.0303 9.0909 5.0505 5.0505 5.0505 2.0202 6.0606 7.0707 5.0505 4.0404 1.0101 7.0707 8.0808 2.0202 4.0404 1.0101 2.0202 4.0404 5.0505 2.0202 6.0606 7.0707 6.0606 1.0101 8.0808 7.0707 9.0909 2.0202 1.0101 5.0505 2.0202 6.0606 5.0505 9.0909 1.0101 2.0202 3.0303 9.0909 1.0101 9.0909 3.0303 2.0202 8.0808 3.0303 6.0606 2.0202 5.0505 1.0101 8.0808 2.0202 3.0303 4.0404 1.0101 9.0909 5.0505 1.0101 7.0707 7.0707 3.0303 0 4.0404 7.0707 7.0707 9.0909 9.0909 0 3.0303 2.0202 0 5.0505 1.0101 5.0505 7.0707 9.0909 1.0101 6.0606 3.0303 8.0808 7.0707 4.0404 0 0 0 3.0303 1.0101 8.0808 4.0404 0 5.0505 0 1.0101 9.0909 9.0909 0 1.0101
8.0808 0 4.0404 1.0101 2.0202 1.0101 2.0202 0 1.0101 4.0404 1.0101 7.0707 7.0707 9.0909 6.0606 1.0101 1.0101 8.0808 2.0202 4.0404 9.0909 0 8.0808 2.0202 7.0707 8.0808 5.0505 8.0808 0 5.0505 1.0101 8.0808 7.0707 8.0808 9.0909 2.0202 9.0909 4.0404 2.0202 2.0202 0 3.0303 9.0909 9.0909 2.0202 7.0707 1.0101 3.0303 5.0505 5.0505 9.0909 7.0707 7.0707 7.0707 9.0909 6.0606 8.0808 4.0404 4.0404 0 1.0101 6.0606 8.0808 8.0808 4.0404 0 2.0202 5.0505 4.0404 4.0404 8.0808 4.0404 7.0707 9.0909 3.0303 9.0909 7.0707 6.0606 4.0404 4.0404 3.0303 3.0303 1.0101 2.0202 3.0303 2.0202 8.0808 3.0303 6.0606 5.0505 3.0303 9.0909 3.0303 3.0303 0 9.0909 3.0303 2.0202 4.0404 9.0909
7.0707 4.0404 5.0505 4.0404 4.0404 1.0101 6.0606 3.0303 7.0707 2.0202 7.0707 3.0303 8.0808 9.0909 5.0505 1.0101 1.0101 6.0606 6.0606 0 3.0303 1.0101 1.0101 6.0606 4.0404 1.0101 5.0505 0 4.0404 1.0101 9.0909 3.0303 6.0606 5.0505 7.0707 2.0202 6.0606 5.0505 5.0505 5.0505 8.0808 2.0202 8.0808 6.0606 1.0101 6.0606 9.0909 5.0505 4.0404 7.0707 7.0707 7.0707 8.0808 8.0808 3.0303 4.0404 0 0 4.0404 6.0606 3.0303 6.0606 9.0909 9.0909 1.0101 8.0808 1.0101 7.0707 4.0404 6.0606 2.0202 4.0404 1.0101 3.0303 0 4.0404 1.0101 9.0909 9.0909 5.0505 8.0808 8.0808 2.0202 6.0606 7.0707 7.0707 2.0202 9.0909 9.0909 9.0909 5.0505 2.0202 5.0505 4.0404 4.0404 6.0606 4.0404 7.0707 5.0505 8.0808
6.0606 7.0707 2.0202 7.0707 2.0202 4.0404 1.0101 3.0303 5.0505 3.0303 8.0808 3.0303 1.0101 2.0202 9.0909 8.0808 1.0101 4.0404 7.0707 0 3.0303 2.0202 5.0505 8.0808 8.0808 1.0101 4.0404 3.0303 8.0808 9.0909 3.0303 4.0404 8.0808 8.0808 1.0101 1.0101 2.0202 3.0303 6.0606 8.0808 8.0808 7.0707 1.0101 9.0909 9.0909 3.0303 8.0808 3.0303 7.0707 7.0707 5.0505 2.0202 2.0202 0 0 0 1.0101 6.0606 5.0505 2.0202 7.0707 1.0101 6.0606 5.0505 9.0909 8.0808 8.0808 3.0303 3.0303 7.0707 3.0303 1.0101 4.0404 7.0707 2.0202 5.0505 0 0 8.0808 9.0909 0 4.0404 1.0101 2.0202 4.0404 3.0303 4.0404 8.0808 9.0909 0 0 8.0808 3.0303 8.0808 3.0303 4.0404 6.0606 4.0404 7.0707 1.0101
3.0303 1.0101 4.0404 7.0707 8.0808 7.0707 2.0202 0 9.0909 1.0101 1.0101 9.0909 5.0505 4.0404 1.0101 1.0101 7.0707 6.0606 1.0101 8.0808 8.0808 3.0303 6.0606 3.0303 2.0202 1.0101 7.0707 0 7.0707 6.0606 2.0202 0 7.0707 8.0808 7.0707 7.0707 7.0707 2.0202 9.0909 9.0909 3.0303 2.0202 8.0808 0 6.0606 2.0202 3.0303 5.0505 0 5.0505 3.0303 0 8.0808 1.0101 3.0303 0 3.0303 0 1.0101 0 6.0606 5.0505 3.0303 6.0606 5.0505 0 5.0505 3.0303 4.0404 7.0707 2.0202 9.0909 9.0909 2.0202 9.0909 8.0808 4.0404 3.0303 3.0303 6.0606 0 7.0707 6.0606 0 8.0808 1.0101 1.0101 3.0303 1.0101 4.0404 4.0404 0 1.0101 7.0707 8.0808 6.0606 9.0909 3.0303 9.0909 4.0404
2.0202 3.0303 3.0303 2.0202 6.0606 5.0505 0 2.0202 0 5.0505 9.0909 2.0202 2.0202 7.0707 2.0202 3.0303 9.0909 5.0505 6.0606 2.0202 1.0101 2.0202 4.0404 2.0202 1.0101 2.0202 9.0909 3.0303 8.0808 0 7.0707 2.0202 4.0404 2.0202 6.0606 0 9.0909 6.0606 4.0404 1.0101 4.0404 5.0505 3.0303 6.0606 5.0505 6.0606 1.0101 6.0606 3.0303 0 0 5.0505 4.0404 5.0505 7.0707 6.0606 9.0909 8.0808 9.0909 9.0909 9.0909 8.0808 2.0202 3.0303 2.0202 8.0808 5.0505 4.0404 7.0707 1.0101 5.0505 1.0101 7.0707 9.0909 9.0909 2.0202 7.0707 3.0303 8.0808 0 3.0303 8.0808 5.0505 7.0707 5.0505 5.0505 5.0505 5.0505 3.0303 4.0404 6.0606 2.0202 4.0404 8.0808 7.0707 9.0909 9.0909 2.0202 3.0303 6.0606
4.0404 8.0808 9.0909 3.0303 7.0707 8.0808 7.0707 4.0404 1.0101 5.0505 7.0707 6.0606 5.0505 2.0202 6.0606 3.0303 7.0707 1.0101 0 1.0101 8.0808 6.0606 5.0505 2.0202 5.0505 3.0303 1.0101 4.0404 7.0707 6.0606 2.0202 3.0303 5.0505 1.0101 6.0606 4.0404 1.0101 3.0303 9.0909 3.0303 0 6.0606 1.0101 8.0808 0 7.0707 1.0101 0 9.0909 1.0101 1.0101 7.0707 7.0707 8.0808 1.0101 4.0404 1.0101 5.0505 0 9.0909 1.0101 2.0202 2.0202 8.0808 5.0505 1.0101 3.0303 7.0707 4.0404 4.0404 2.0202 7.0707 2.0202 3.0303 5.0505 2.0202 3.0303 8.0808 2.0202 2.0202 1.0101 5.0505 1.0101 0 4.0404 4.0404 5.0505 7.0707 1.0101 7.0707 6.0606 3.0303 2.0202 1.0101 3.0303 7.0707 2.0202 6.0606 4.0404 6.0606
0 8.0808 5.0505 2.0202 4.0404 2.0202 5.0505 7.0707 0 9.0909 1.0101 1.0101 7.0707 2.0202 4.0404 3.0303 8.0808 9.0909 0 0 8.0808 9.0909 5.0505 0 0 8.0808 8.0808 2.0202 5.0505 4.0404 0 7.0707 5.0505 6.0606 0 9.0909 8.0808 7.0707 6.0606 1.0101 8.0808 7.0707 4.0404 5.0505 1.0101 8.0808 8.0808 1.0101 9.0909 1.0101 3.0303 8.0808 0 8.0808 8.0808 0 9.0909 8.0808 2.0202 6.0606 5.0505 4.0404 3.0303 0 0 5.0505 1.0101 1.0101 2.0202 7.0707 4.0404 1.0101 6.0606 8.0808 8.0808 9.0909 7.0707 9.0909 0 6.0606 0 4.0404 4.0404 0 4.0404 5.0505 2.0202 3.0303 5.0505 6.0606 1.0101 0 0 7.0707 2.0202 3.0303 2.0202 3.0303 6.0606 5.0505
2.0202 0 8.0808 8.0808 8.0808 8.0808 9.0909 5.0505 7.0707 0 4.0404 9.0909 6.0606 8.0808 1.0101 0 5.0505 3.0303 6.0606 1.0101 9.0909 7.0707 3.0303 2.0202 4.0404 6.0606 5.0505 9.0909 1.0101 1.0101 6.0606 4.0404 3.0303 4.0404 4.0404 1.0101 4.0404 4.0404 9.0909 2.0202 4.0404 3.0303 1.0101 2.0202 3.0303 3.0303 2.0202 1.0101 8.0808 0 2.0202 8.0808 0 5.0505 0 6.0606 3.0303 7.0707 5.0505 5.0505 0 1.0101 1.0101 5.0505 7.0707 5.0505 6.0606 2.0202 9.0909 7.0707 4.0404 5.0505 2.0202 7.0707 7.0707 6.0606 2.0202 2.0202 9.0909 1.0101 2.0202 1.0101 1.0101 2.0202 8.0808 3.0303 9.0909 4.0404 0 4.0404 9.0909 2.0202 8.0808 0 7.0707 5.0505 5.0505 5.0505 9.0909 7.0707
3.0303 5.0505 4.0404 5.0505 3.0303 4.0404 3.0303 7.0707 6.0606 4.0404 8.0808 0 5.0505 9.0909 3.0303 6.0606 2.0202 4.0404 0 4.0404 0 1.0101 8.0808 8.0808 1.0101 5.0505 6.0606 8.0808 3.0303 7.0707 7.0707 6.0606 3.0303 2.0202 3.0303 8.0808 8.0808 9.0909 5.0505 4.0404 3.0303 6.0606 4.0404 1.0101 5.0505 9.0909 9.0909 0 5.0505 9.0909 6.0606 6.0606 2.0202 5.0505 6.0606 5.0505 0 4.0404 5.0505 5.0505 2.0202 3.0303 1.0101 7.0707 7.0707 7.0707 5.0505 5.0505 6.0606 2.0202 1.0101 1.0101 8.0808 7.0707 4.0404 6.0606 7.0707 3.0303 8.0808 4.0404 4.0404 4.0404 0 6.0606 9.0909 9.0909 1.0101 2.0202 3.0303 9.0909 7.0707 7.0707 2.0202 1.0101 4.0404 1.0101 0 1.0101 8.0808 6.0606
4.0404 9.0909 9.0909 4.0404 8.0808 4.0404 2.0202 5.0505 7.0707 0 0 4.0404 7.0707 2.0202 0 8.0808 1.0101 4.0404 2.0202 7.0707 3.0303 0 4.0404 7.0707 3.0303 1.0101 8.0808 3.0303 2.0202 8.0808 1.0101 8.0808 7.0707 0 5.0505 5.0505 6.0606 7.0707 3.0303 6.0606 0 5.0505 0 7.0707 9.0909 0 5.0505 1.0101 6.0606 8.0808 0 9.0909 0 6.0606 8.0808 5.0505 7.0707 6.0606 8.0808 2.0202 4.0404 1.0101 0 3.0303 3.0303 7.0707 1.0101 0 5.0505 6.0606 6.0606 7.0707 3.0303 6.0606 4.0404 2.0202 8.0808 1.0101 5.0505 5.0505 1.0101 5.0505 6.0606 3.0303 4.0404 5.0505 8.0808 1.0101 3.0303 8.0808 3.0303 0 9.0909 6.0606 3.0303 3.0303 5.0505 6.0606 5.0505 2.0202
4.0404 1.0101 9.0909 7.0707 9.0909 5.0505 2.0202 7.0707 9.0909 7.0707 4.0404 0 5.0505 1.0101 4.0404 9.0909 6.0606 4.0404 2.0202 1.0101 3.0303 8.0808 1.0101 4.0404 6.0606 7.0707 7.0707 1.0101 3.0303 2.0202 4.0404 0 5.0505 5.0505 9.0909 4.0404 1.0101 1.0101 4.0404 0 1.0101 8.0808 2.0202 8.0808 1.0101 6.0606 7.0707 9.0909 3.0303 1.0101 1.0101 6.0606 9.0909 2.0202 2.0202 7.0707 9.0909 0 9.0909 5.0505 4.0404 5.0505 7.0707 2.0202 0 6.0606 8.0808 1.0101 8.0808 2.0202 3.0303 9.0909 3.0303 6.0606 9.0909 6.0606 4.0404 8.0808 6.0606 7.0707 9.0909 9.0909 5.0505 1.0101 1.0101 8.0808 8.0808 3.0303 0 9.0909 0 6.0606 4.0404 7.0707 8.0808 5.0505 5.0505 7.0707 8.0808 3.0303
1.0101 2.0202 4.0404 4.0404 0 3.0303 1.0101 4.0404 1.0101 9.0909 4.0404 3.0303 8.0808 9.0909 4.0404 1.0101 9.0909 4.0404 4.0404 9.0909 4.0404 6.0606 6.0606 0 5.0505 4.0404 7.0707 1.0101 3.0303 6.0606 6.0606 5.0505 0 3.0303 9.0909 0 8.0808 2.0202 6.0606 2.0202 1.0101 0 5.0505 1.0101 0 1.0101 3.0303 9.0909 7.0707 9.0909 1.0101 1.0101 6.0606 7.0707 2.0202 3.0303 3.0303 1.0101 4.0404 7.0707 7.0707 3.0303 2.0202 9.0909 6.0606 3.0303 1.0101 6.0606 8.0808 8.0808 8.0808 1.0101 8.0808 5.0505 3.0303 0 8.0808 8.0808 2.0202 6.0606 7.0707 3.0303 9.0909 5.0505 2.0202 3.0303 9.0909 5.0505 5.0505 3.0303 4.0404 4.0404 8.0808 8.0808 4.0404 6.0606 2.0202 5.0505 3.0303 2.0202
5.0505 3.0303 3.0303 4.0404 9.0909 8.0808 4.0404 9.0909 6.0606 8.0808 5.0505 6.0606 1.0101 7.0707 1.0101 5.0505 0 0 1.0101 7.0707 6.0606 5.0505 2.0202 4.0404 4.0404 8.0808 1.0101 8.0808 5.0505 6.0606 2.0202 1.0101 9.0909 5.0505 5.0505 0 6.0606 1.0101 0 4.0404 2.0202 7.0707 0 3.0303 4.0404 2.0202 9.0909 7.0707 4.0404 2.0202 4.0404 0 9.0909 8.0808 7.0707 5.0505 6.0606 0 5.0505 4.0404 6.0606 7.0707 5.0505 5.0505 5.0505 0 6.0606 1.0101 3.0303 8.0808 5.0505 5.0505 5.0505 8.0808 1.0101 2.0202 2.0202 2.0202 9.0909 6.0606 6.0606 5.0505 7.0707 5.0505 6.0606 6.0606 3.0303 4.0404 6.0606 8.0808 8.0808 2.0202 6.0606 3.0303 9.0909 3.0303 5.0505 7.0707 4.0404 9.0909
5.0505 1.0101 6.0606 1.0101 1.0101 9.0909 3.0303 3.0303 1.0101 4.0404 0 7.0707 1.0101 9.0909 5.0505 7.0707 5.0505 8.0808 2.0202 3.0303 6.0606 0 5.0505 4.0404 4.0404 6.0606 7.0707 9.0909 4.0404 3.0303 0 9.0909 7.0707 9.0909 2.0202 8.0808 8.0808 7.0707 2.0202 2.0202 3.0303 2.0202 1.0101 5.0505 1.0101 6.0606 2.0202 8.0808 6.0606 4.0404 1.0101 5.0505 7.0707 8.0808 1.0101 1.0101 4.0404 9.0909 2.0202 0 4.0404 5.0505 2.0202 1.0101 6.0606 6.0606 0 6.0606 4.0404 4.0404 8.0808 7.0707 6.0606 2.0202 4.0404 9.0909 0 7.0707 9.0909 7.0707 3.0303 0 4.0404 0 0 5.0505 3.0303 4.0404 6.0606 6.0606 7.0707 1.0101 3.0303 9.0909 4.0404 9.0909 5.0505 6.0606 7.0707 1.0101
0 8.0808 1.0101 8.0808 0 5.0505 7.0707 0 4.0404 8.0808 9.0909 8.0808 0 3.0303 8.0808 0 9.0909 2.0202 5.0505 5.0505 0 2.0202 8.0808 5.0505 3.0303 3.0303 6.0606 8.0808 9.0909 3.0303 0 2.0202 1.0101 3.0303 0 1.0101 8.0808 0 4.0404 3.0303 8.0808 5.0505 3.0303 9.0909 9.0909 1.0101 9.0909 0 5.0505 6.0606 7.0707 7.0707 0 6.0606 2.0202 3.0303 1.0101 0 4.0404 2.0202 4.0404 6.0606 4.0404 5.0505 9.0909 5.0505 9.0909 7.0707 5.0505 5.0505 2.0202 5.0505 0 5.0505 4.0404 1.0101 9.0909 6.0606 1.0101 6.0606 2.0202 1.0101 6.0606 5.0505 7.0707 0 0 0 1.0101 4.0404 2.0202 5.0505 0 9.0909 2.0202 1.0101 4.0404 3.0303 1.0101 1.0101
8.0808 3.0303 8.0808 1.0101 1.0101 5.0505 2.0202 2.0202 1.0101 6.0606 8.0808 5.0505 7.0707 6.0606 2.0202 6.0606 7.0707 3.0303 6.0606 8.0808 7.0707 0 5.0505 0 9.0909 7.0707 1.0101 5.0505 1.0101 2.0202 8.0808 1.0101 8.0808 7.0707 2.0202 9.0909 2.0202 5.0505 3.0303 5.0505 1.0101 3.0303 2.0202 0 0 5.0505 6.0606 9.0909 8.0808 4.0404 7.0707 7.0707 4.0404 4.0404 7.0707 6.0606 1.0101 1.0101 1.0101 4.0404 3.0303 0 6.0606 3.0303 9.0909 8.0808 4.0404 3.0303 5.0505 7.0707 0 8.0808 1.0101 2.0202 8.0808 3.0303 9.0909 4.0404 2.0202 9.0909 8.0808 9.0909 9.0909 5.0505 3.0303 8.0808 1.0101 6.0606 9.0909 4.0404 1.0101 5.0505 4.0404 9.0909 8.0808 5.0505 7.0707 3.0303 8.0808 3.0303
0 0 1.0101 3.0303 3.0303 2.0202 6.0606 4.0404 8.0808 8.0808 6.0606 7.0707 9.0909 5.0505 4.0404 4.0404 3.0303 5.0505 1.0101 3.0303 9.0909 4.0404 8.0808 6.0606 5.0505 8.0808 3.0303 2.0202 1.0101 4.0404 7.0707 4.0404 4.0404 1.0101 7.0707 9.0909 3.0303 4.0404 4.0404 1.0101 2.0202 2.0202 0 4.0404 7.0707 6.0606 8.0808 0 1.0101 1.0101 5.0505 3.0303 7.0707 5.0505 1.0101 2.0202 4.0404 4.0404 7.0707 5.0505 8.0808 4.0404 9.0909 5.0505 7.0707 9.0909 4.0404 2.0202 3.0303 0 6.0606 7.0707 2.0202 6.0606 1.0101 9.0909 3.0303 0 2.0202 6.0606 3.0303 9.0909 1.0101 1.0101 5.0505 2.0202 3.0303 9.0909 9.0909 0 6.0606 9.0909 7.0707 8.0808 4.0404 4.0404 7.0707 1.0101 7.0707 2.0202
1.0101 3.0303 9.0909 6.0606 1.0101 3.0303 5.0505 6.0606 3.0303 9.0909 5.0505 8.0808 9.0909 6.0606 9.0909 6.0606 1.0101 5.0505 5.0505 0 7.0707 3.0303 1.0101 4.0404 3.0303 6.0606 1.0101 2.0202 7.0707 0 4.0404 0 5.0505 4.0404 6.0606 6.0606 7.0707 4.0404 5.0505 2.0202 3.0303 0 0 4.0404 8.0808 2.0202 0 9.0909 7.0707 7.0707 1.0101 4.0404 3.0303 3.0303 1.0101 6.0606 9.0909 2.0202 9.0909 8.0808 2.0202 5.0505 0 7.0707 9.0909 7.0707 5.0505 8.0808 3.0303 0 2.0202 8.0808 2.0202 5.0505 3.0303 1.0101 9.0909 5.0505 0 6.0606 3.0303 2.0202 2.0202 8.0808 7.0707 5.0505 4.0404 6.0606 7.0707 5.0505 6.0606 1.0101 1.0101 6.0606 8.0808 2.0202 5.0505 6.0606 3.0303 8.0808
6.0606 5.0505 7.0707 1.0101 2.0202 2.0202 2.0202 1.0101 7.0707 4.0404 9.0909 2.0202 8.0808 4.0404 2.0202 5.0505 9.0909 7.0707 3.0303 7.0707 4.0404 9.0909 8.0808 7.0707 8.0808 9.0909 0 3.0303 5.0505 3.0303 4.0404 3.0303 0 3.0303 6.0606 5.0505 5.0505 8.0808 6.0606 4.0404 3.0303 8.0808 9.0909 3.0303 2.0202 1.0101 9.0909 1.0101 0 2.0202 0 5.0505 4.0404 1.0101 2.0202 2.0202 2.0202 4.0404 7.0707 9.0909 9.0909 3.0303 2.0202 0 6.0606 9.0909 5.0505 1.0101 9.0909 3.0303 8.0808 4.0404 1.0101 7.0707 8.0808 5.0505 8.0808 9.0909 9.0909 9.0909 1.0101 9.0909 6.0606 5.0505 2.0202 0 9.0909 4.0404 5.0505 9.0909 3.0303 4.0404 2.0202 8.0808 6.0606 9.0909 9.0909 3.0303 2.0202 0
7.0707 0 5.0505 0 9.0909 5.0505 8.0808 8.0808 4.0404 7.0707 9.0909 7.0707 8.0808 7.0707 5.0505 1.0101 7.0707 6.0606 7.0707 2.0202 5.0505 3.0303 9.0909 8.0808 1.0101 5.0505 7.0707 2.0202 9.0909 9.0909 2.0202 8.0808 2.0202 9.0909 0 1.0101 6.0606 0 1.0101 0 7.0707 2.0202 0 8.0808 9.0909 5.0505 9.0909 7.0707 1.0101 8.0808 1.0101 9.0909 1.0101 0 7.0707 2.0202 8.0808 6.0606 6.0606 9.0909 7.0707 9.0909 7.0707 9.0909 0 9.0909 3.0303 7.0707 0 6.0606 9.0909 9.0909 9.0909 9.0909 7.0707 8.0808 6.0606 6.0606 7.0707 0 7.0707 1.0101 9.0909 8.0808 3.0303 6.0606 1.0101 1.0101 2.0202 7.0707 0 1.0101 8.0808 9.0909 1.0101 9.0909 9.0909 6.0606 8.0808 1.0101
2.0202 7.0707 0 1.0101 7.0707 8.0808 2.0202 3.0303 6.0606 1.0101 5.0505 3.0303 2.0202 4.0404 4.0404 6.0606 2.0202 5.0505 9.0909 6.0606 4.0404 0 8.0808 5.0505 1.0101 1.0101 6.0606 2.0202 7.0707 4.0404 3.0303 9.0909 1.0101 6.0606 3.0303 0 6.0606 5.0505 4.0404 4.0404 6.0606 1.0101 0 1.0101 6.0606 4.0404 9.0909 0 1.0101 8.0808 7.0707 5.0505 0 7.0707 2.0202 4.0404 8.0808 8.0808 6.0606 5.0505 2.0202 2.0202 6.0606 6.0606 8.0808 9.0909 6.0606 4.0404 6.0606 2.0202 0 5.0505 4.0404 0 6.0606 2.0202 4.0404 5.0505 2.0202 5.0505 5.0505 1.0101 3.0303 8.0808 8.0808 5.0505 2.0202 6.0606 6.0606 8.0808 3.0303 0 0 0 6.0606 0 1.0101 5.0505 6.0606 8.0808
7.0707 7.0707 3.0303 3.0303 7.0707 1.0101 5.0505 4.0404 8.0808 0 1.0101 5.0505 1.0101 4.0404 3.0303 0 2.0202 7.0707 6.0606 8.0808 6.0606 0 8.0808 8.0808 2.0202 7.0707 1.0101 5.0505 2.0202 7.0707 3.0303 1.0101 6.0606 8.0808 5.0505 4.0404 1.0101 2.0202 0 9.0909 2.0202 1.0101 5.0505 4.0404 8.0808 8.0808 4.0404 0 6.0606 2.0202 0 4.0404 4.0404 0 4.0404 8.0808 9.0909 7.0707 4.0404 1.0101 5.0505 9.0909 5.0505 1.0101 8.0808 2.0202 7.0707 9.0909 4.0404 9.0909 1.0101 9.0909 1.0101 6.0606 3.0303 9.0909 6.0606 9.0909 1.0101 4.0404 3.0303 1.0101 0 0 3.0303 7.0707 8.0808 3.0303 4.0404 4.0404 6.0606 1.0101 4.0404 1.0101 5.0505 4.0404 3.0303 2.0202 5.0505 0
2.0202 6.0606 9.0909 5.0505 2.0202 4.0404 6.0606 1.0101 5.0505 7.0707 7.0707 0 0 8.0808 0 3.0303 7.0707 1.0101 8.0808 1.0101 5.0505 5.0505 3.0303 9.0909 8.0808 0 5.0505 4.0404 2.0202 1.0101 4.0404 6.0606 7.0707 5.0505 3.0303 2.0202 1.0101 9.0909 5.0505 8.0808 8.0808 2.0202 8.0808 8.0808 2.0202 9.0909 4.0404 9.0909 2.0202 2.0202 3.0303 7.0707 9.0909 8.0808 9.0909 8.0808 8.0808 4.0404 2.0202 2.0202 7.0707 8.0808 1.0101 5.0505 3.0303 4.0404 9.0909 6.0606 4.0404 4.0404 4.0404 2.0202 8.0808 2.0202 3.0303 1.0101 3.0303 9.0909 2.0202 5.0505 1.0101 5.0505 3.0303 3.0303 3.0303 4.0404 1.0101 3.0303 0 5.0505 6.0606 8.0808 3.0303 7.0707 5.0505 8.0808 1.0101 4.0404 4.0404 7.0707
0 8.0808 2.0202 8.0808 2.0202 7.0707 9.0909 6.0606 6.0606 4.0404 3.0303 9.0909 9.0909 8.0808 2.0202 5.0505 2.0202 5.0505 0 3.0303 0 6.0606 3.0303 3.0303 5.0505 8.0808 1.0101 9.0909 2.0202 7.0707 8.0808 2.0202 7.0707 2.0202 2.0202 0 9.0909 2.0202 8.0808 7.0707 8.0808 1.0101 7.0707 7.0707 2.0202 1.0101 4.0404 4.0404 7.0707 5.0505 9.0909 7.0707 3.0303 2.0202 1.0101 1.0101 2.0202 4.0404 0 6.0606 2.0202 8.0808 0 9.0909 3.0303 3.0303 1.0101 2.0202 7.0707 1.0101 0 5.0505 5.0505 9.0909 4.0404 7.0707 0 9.0909 1.0101 7.0707 6.0606 3.0303 5.0505 1.0101 7.0707 8.0808 2.0202 0 4.0404 4.0404 8.0808 6.0606 5.0505 9.0909 8.0808 8.0808 2.0202 1.0101 0 9.0909
3.0303 2.0202 4.0404 8.0808 1.0101 8.0808 7.0707 4.0404 9.0909 8.0808 1.0101 7.0707 3.0303 8.0808 1.0101 3.0303 8.0808 5.0505 3.0303 3.0303 0 3.0303 1.0101 7.0707 2.0202 1.0101 5.0505 4.0404 3.0303 7.0707 5.0505 8.0808 2.0202 9.0909 8.0808 3.0303 0 5.0505 7.0707 1.0101 5.0505 1.0101 1.0101 9.0909 1.0101 2.0202 4.0404 0 9.0909 9.0909 5.0505 9.0909 2.0202 6.0606 6.0606 5.0505 8.0808 3.0303 9.0909 3.0303 3.0303 7.0707 3.0303 5.0505 8.0808 1.0101 0 8.0808 6.0606 0 2.0202 3.0303 3.0303 5.0505 4.0404 4.0404 9.0909 8.0808 6.0606 8.0808 7.0707 1.0101 8.0808 0 0 6.0606 5.0505 0 2.0202 6.0606 5.0505 7.0707 3.0303 8.0808 2.0202 2.0202 9.0909 4.0404 2.0202 7.0707
4.0404 6.0606 0 7.0707 1.0101 5.0505 4.0404 0 3.0303 0 9.0909 1.0101 4.0404 9.0909 1.0101 4.0404 7.0707 8.0808 4.0404 1.0101 4.0404 9.0909 8.0808 0 9.0909 2.0202 4.0404 8.0808 7.0707 6.0606 7.0707 1.0101 5.0505 7.0707 1.0101 6.0606 2.0202 5.0505 9.0909 8.0808 7.0707 8.0808 1.0101 1.0101 9.0909 2.0202 5.0505 8.0808 2.0202 1.0101 0 8.0808 2.0202 0 0 1.0101 3.0303 4.0404 1.0101 0 3.0303 8.0808 3.0303 8.0808 8.0808 4.0404 4.0404 0 1.0101 3.0303 0 9.0909 3.0303 1.0101 0 4.0404 5.0505 8.0808 3.0303 7.0707 9.0909 3.0303 8.0808 4.0404 3.0303 8.0808 7.0707 6.0606 3.0303 9.0909 8.0808 6.0606 9.0909 2.0202 4.0404 7.0707 6.0606 0 0 0
6.0606 0 9.0909 1.0101 4.0404 9.0909 6.0606 9.0909 9.0909 9.0909 9.0909 1.0101 4.0404 7.0707 5.0505 9.0909 5.0505 2.0202 6.0606 0 3.0303 6.0606 8.0808 3.0303 8.0808 4.0404 2.0202 7.0707 5.0505 2.0202 7.0707 3.0303 5.0505 8.0808 4.0404 9.0909 9.0909 0 8.0808 9.0909 9.0909 9.0909 0 3.0303 8.0808 5.0505 3.0303 6.0606 9.0909 1.0101 6.0606 5.0505 9.0909 5.0505 0 8.0808 9.0909 2.0202 7.0707 6.0606 5.0505 4.0404 1.0101 0 2.0202 6.0606 1.0101 1.0101 6.0606 1.0101 2.0202 8.0808 1.0101 2.0202 3.0303 9.0909 9.0909 8.0808 5.0505 9.0909 1.0101 4.0404 4.0404 1.0101 9.0909 4.0404 1.0101 0 8.0808 8.0808 9.0909 3.0303 4.0404 0 5.0505 6.0606 8.0808 6.0606 9.0909 5.0505
8.0808 4.0404 5.0505 1.0101 6.0606 8.0808 0 6.0606 9.0909 8.0808 7.0707 0 2.0202 3.0303 1.0101 3.0303 9.0909 2.0202 5.0505 7.0707 2.0202 4.0404 3.0303 6.0606 7.0707 0 4.0404 5.0505 9.0909 6.0606 2.0202 9.0909 0 7.0707 0 6.0606 6.0606 2.0202 4.0404 5.0505 0 3.0303 7.0707 2.0202 6.0606 1.0101 7.0707 5.0505 3.0303 3.0303 5.0505 8.0808 9.0909 8.0808 4.0404 6.0606 0 9.0909 2.0202 9.0909 5.0505 4.0404 8.0808 5.0505 4.0404 8.0808 3.0303 2.0202 1.0101 0 9.0909 3.0303 3.0303 6.0606 8.0808 0 7.0707 5.0505 7.0707 3.0303 0 4.0404 1.0101 0 2.0202 7.0707 6.0606 3.0303 6.0606 0 4.0404 3.0303 7.0707 3.0303 0 1.0101 3.0303 6.0606 5.0505 4.0404
6.0606 4.0404 0 9.0909 0 0 9.0909 0 5.0505 9.0909 3.0303 6.0606 3.0303 6.0606 8.0808 8.0808 3.0303 4.0404 3.0303 2.0202 7.0707 7.0707 5.0505 6.0606 0 8.0808 7.0707 4.0404 4.0404 2.0202 0 0 8.0808 2.0202 9.0909 8.0808 2.0202 1.0101 8.0808 0 2.0202 3.0303 8.0808 5.0505 9.0909 6.0606 5.0505 3.0303 2.0202 8.0808 7.0707 9.0909 6.0606 2.0202 5.0505 8.0808 0 4.0404 4.0404 6.0606 8.0808 7.0707 6.0606 6.0606 9.0909 8.0808 7.0707 4.0404 1.0101 7.0707 4.0404 3.0303 3.0303 2.0202 0 2.0202 8.0808 6.0606 7.0707 0 4.0404 4.0404 2.0202 2.0202 9.0909 9.0909 3.0303 1.0101 6.0606 9.0909 8.0808 6.0606 6.0606 4.0404 5.0505 8.0808 4.0404 2.0202 2.0202 5.0505
1.0101 8.0808 0 4.0404 0 1.0101 9.0909 0 7.0707 6.0606 2.0202 3.0303 3.0303 4.0404 8.0808 2.0202 6.0606 1.0101 5.0505 2.0202 0 3.0303 8.0808 9.0909 0 5.0505 7.0707 4.0404 7.0707 1.0101 2.0202 1.0101 9.0909 2.0202 7.0707 1.0101 3.0303 6.0606 1.0101 2.0202 5.0505 3.0303 6.0606 8.0808 0 4.0404 2.0202 6.0606 7.0707 7.0707 0 9.0909 3.0303 0 8.0808 3.0303 6.0606 7.0707 7.0707 5.0505 8.0808 1.0101 6.0606 9.0909 4.0404 4.0404 0 9.0909 0 1.0101 2.0202 7.0707 5.0505 0 7.0707 5.0505 6.0606 9.0909 3.0303 3.0303 9.0909 5.0505 2.0202 2.0202 5.0505 3.0303 7.0707 1.0101 0 4.0404 7.0707 9.0909 8.0808 5.0505 0 2.0202 1.0101 1.0101 1.0101 4.0404
2.0202 5.0505 1.0101 9.0909 5.0505 9.0909 6.0606 1.0101 0 1.0101 6.0606 9.0909 6.0606 9.0909 3.0303 2.0202 2.0202 0 5.0505 2.0202 7.0707 4.0404 3.0303 5.0505 0 4.0404 9.0909 1.0101 7.0707 2.0202 5.0505 1.0101 8.0808 9.0909 3.0303 3.0303 8.0808 9.0909 7.0707 8.0808 3.0303 3.0303 0 9.0909 4.0404 5.0505 3.0303 6.0606 8.0808 9.0909 1.0101 7.0707 3.0303 6.0606 4.0404 5.0505 2.0202 3.0303 9.0909 9.0909 5.0505 6.0606 3.0303 5.0505 5.0505 6.0606 1.0101 3.0303 7.0707 8.0808 4.0404 0 3.0303 6.0606 0 8.0808 3.0303 5.0505 6.0606 1.0101 4.0404 7.0707 8.0808 0 6.0606 2.0202 5.0505 8.0808 7.0707 4.0404 0 5.0505 1.0101 3.0303 2.0202 8.0808 9.0909 3.0303 4.0404 8.0808
3.0303 0 9.0909 7.0707 6.0606 1.0101 7.0707 1.0101 6.0606 3.0303 3.0303 1.0101 3.0303 3.0303 3.0303 9.0909 8.0808 8.0808 7.0707 7.0707 5.0505 9.0909 2.0202 8.0808 2.0202 5.0505 6.0606 3.0303 0 0 2.0202 4.0404 2.0202 1.0101 3.0303 8.0808 4.0404 2.0202 0 0 5.0505 5.0505 3.0303 8.0808 0 6.0606 9.0909 8.0808 5.0505 9.0909 6.0606 2.0202 8.0808 0 0 1.0101 5.0505 8.0808 4.0404 8.0808 1.0101 8.0808 2.0202 3.0303 9.0909 7.0707 4.0404 3.0303 9.0909 6.0606 6.0606 6.0606 1.0101 9.0909 7.0707 1.0101 6.0606 6.0606 2.0202 3.0303 5.0505 8.0808 7.0707 4.0404 8.0808 7.0707 7.0707 6.0606 7.0707 3.0303 6.0606 8.0808 2.0202 0 2.0202 3.0303 7.0707 8.0808 9.0909 8.0808
4.0404 5.0505 4.0404 7.0707 4.0404 1.0101 0 2.0202 0 2.0202 7.0707 5.0505 2.0202 4.0404 1.0101 3.0303 1.0101 0 1.0101 9.0909 4.0404 7.0707 9.0909 8.0808 7.0707 1.0101 1.0101 4.0404 1.0101 0 2.0202 5.0505 7.0707 8.0808 2.0202 2.0202 2.0202 3.0303 6.0606 2.0202 5.0505 4.0404 9.0909 0 8.0808 1.0101 3.0303 2.0202 3.0303 4.0404 3.0303 9.0909 1.0101 2.0202 7.0707 8.0808 6.0606 1.0101 4.0404 7.0707 1.0101 8.0808 5.0505 1.0101 6.0606 7.0707 3.0303 8.0808 2.0202 1.0101 0 0 5.0505 0 0 6.0606 3.0303 3.0303 0 8.0808 9.0909 3.0303 8.0808 0 7.0707 5.0505 8.0808 5.0505 6.0606 4.0404 5.0505 0 2.0202 0 1.0101 0 9.0909 6.0606 9.0909 2.0202
7.0707 1.0101 2.0202 5.0505 3.0303 2.0202 1.0101 8.0808 7.0707 3.0303 7.0707 6.0606 6.0606 5.0505 8.0808 5.0505 2.0202 6.0606 1.0101 1.0101 2.0202 8.0808 1.0101 4.0404 8.0808 4.0404 4.0404 7.0707 0 5.0505 9.0909 9.0909 7.0707 3.0303 4.0404 2.0202 7.0707 7.0707 1.0101 4.0404 2.0202 0 2.0202 8.0808 5.0505 0 6.0606 9.0909 8.0808 7.0707 0 0 5.0505 1.0101 4.0404 5.0505 7.0707 1.0101 2.0202 9.0909 6.0606 4.0404 9.0909 5.0505 7.0707 5.0505 8.0808 5.0505 5.0505 1.0101 1.0101 7.0707 1.0101 4.0404 8.0808 8.0808 4.0404 4.0404 7.0707 3.0303 3.0303 8.0808 5.0505 0 1.0101 2.0202 5.0505 9.0909 3.0303 9.0909 8.0808 1.0101 5.0505 9.0909 9.0909 5.0505 7.0707 9.0909 2.0202 2.0202
0 3.0303 1.0101 3.0303 9.0909 9.0909 1.0101 6.0606 3.0303 0 1.0101 8.0808 8.0808 6.0606 0 2.0202 8.0808 7.0707 3.0303 3.0303 7.0707 3.0303 5.0505 4.0404 3.0303 6.0606 9.0909 2.0202 5.0505 3.0303 4.0404 7.0707 7.0707 5.0505 0 8.0808 7.0707 3.0303 4.0404 2.0202 3.0303 7.0707 1.0101 4.0404 4.0404 1.0101 6.0606 2.0202 9.0909 1.0101 8.0808 8.0808 4.0404 5.0505 2.0202 9.0909 1.0101 4.0404 1.0101 6.0606 7.0707 7.0707 5.0505 6.0606 5.0505 5.0505 7.0707 2.0202 8.0808 3.0303 4.0404 3.0303 1.0101 7.0707 7.0707 5.0505 9.0909 5.0505 9.0909 0 6.0606 7.0707 0 3.0303 4.0404 2.0202 2.0202 5.0505 8.0808 6.0606 3.0303 8.0808 3.0303 8.0808 6.0606 8.0808 3.0303 3.0303 0 3.0303
7.0707 7.0707 7.0707 8.0808 4.0404 6.0606 5.0505 5.0505 2.0202 4.0404 5.0505 0 4.0404 5.0505 3.0303 8.0808 0 8.0808 4.0404 0 4.0404 9.0909 8.0808 9.0909 8.0808 5.0505 8.0808 3.0303 0 0 7.0707 7.0707 7.0707 6.0606 7.0707 4.0404 2.0202 2.0202 9.0909 6.0606 9.0909 5.0505 7.0707 3.0303 2.0202 0 1.0101 2.0202 8.0808 7.0707 3.0303 4.0404 7.0707 3.0303 4.0404 7.0707 0 2.0202 0 1.0101 4.0404 9.0909 0 4.0404 5.0505 8.0808 8.0808 0 0 7.0707 6.0606 9.0909 4.0404 3.0303 4.0404 7.0707 6.0606 8.0808 9.0909 6.0606 5.0505 4.0404 1.0101 4.0404 0 5.0505 1.0101 0 9.0909 2.0202 1.0101 5.0505 3.0303 4.0404 9.0909 9.0909 2.0202 9.0909 1.0101 4.0404
7.0707 7.0707 6.0606 1.0101 3.0303 0 0 1.0101 8.0808 2.0202 7.0707 6.0606 6.0606 0 0 8.0808 5.0505 4.0404 9.0909 6.0606 8.0808 2.0202 4.0404 1.0101 6.0606 3.0303 0 0 3.0303 1.0101 5.0505 2.0202 1.0101 1.0101 5.0505 6.0606 3.0303 6.0606 7.0707 4.0404 0 4.0404 0 6.0606 5.0505 2.0202 7.0707 2.0202 6.0606 6.0606 1.0101 4.0404 0 5.0505 6.0606 7.0707 0 8.0808 9.0909 5.0505 2.0202 4.0404 9.0909 3.0303 7.0707 5.0505 9.0909 1.0101 3.0303 8.0808 5.0505 3.0303 2.0202 7.0707 1.0101 9.0909 9.0909 8.0808 4.0404 6.0606 6.0606 7.0707 2.0202 7.0707 4.0404 0 6.0606 4.0404 9.0909 5.0505 2.0202 3.0303 2.0202 1.0101 6.0606 9.0909 8.0808 7.0707 2.0202 3.0303
5.0505 7.0707 6.0606 9.0909 6.0606 0 1.0101 6.0606 0 7.0707 4.0404 7.0707 6.0606 6.0606 6.0606 0 7.0707 4.0404 6.0606 8.0808 1.0101 8.0808 1.0101 3.0303 2.0202 9.0909 5.0505 0 8.0808 7.0707 4.0404 5.0505 7.0707 2.0202 6.0606 3.0303 4.0404 9.0909 1.0101 5.0505 6.0606 5.0505 4.0404 2.0202 4.0404 2.0202 4.0404 3.0303 8.0808 1.0101 3.0303 9.0909 1.0101 6.0606 5.0505 3.0303 7.0707 2.0202 6.0606 5.0505 9.0909 2.0202 2.0202 8.0808 6.0606 8.0808 4.0404 1.0101 8.0808 7.0707 8.0808 6.0606 3.0303 4.0404 1.0101 9.0909 6.0606 5.0505 2.0202 4.0404 6.0606 7.0707 5.0505 0 3.0303 0 3.0303 0 2.0202 1.0101 7.0707 4.0404 3.0303 9.0909 4.0404 0 9.0909 0 3.0303 9.0909
8.0808 3.0303 6.0606 3.0303 7.0707 9.0909 2.0202 3.0303 4.0404 6.0606 9.0909 3.0303 3.0303 4.0404 3.0303 6.0606 5.0505 8.0808 6.0606 9.0909 0 3.0303 3.0303 5.0505 4.0404 8.0808 7.0707 3.0303 8.0808 2.0202 5.0505 8.0808 5.0505 1.0101 1.0101 2.0202 0 3.0303 7.0707 6.0606 1.0101 6.0606 1.0101 4.0404 1.0101 4.0404 2.0202 8.0808 5.0505 0 7.0707 7.0707 5.0505 3.0303 2.0202 1.0101 3.0303 0 5.0505 3.0303 4.0404 0 2.0202 0 3.0303 3.0303 4.0404 5.0505 9.0909 2.0202 3.0303 2.0202 8.0808 5.0505 7.0707 1.0101 1.0101 1.0101 9.0909 6.0606 4.0404 7.0707 3.0303 9.0909 0 6.0606 1.0101 3.0303 8.0808 8.0808 6.0606 4.0404 0 0 4.0404 5.0505 4.0404 9.0909 2.0202 5.0505
1.0101 5.0505 7.0707 1.0101 0 6.0606 3.0303 2.0202 8.0808 2.0202 8.0808 4.0404 1.0101 4.0404 3.0303 1.0101 2.0202 6.0606 6.0606 2.0202 6.0606 5.0505 6.0606 6.0606 5.0505 1.0101 3.0303 1.0101 2.0202 5.0505 6.0606 5.0505 1.0101 4.0404 6.0606 3.0303 2.0202 9.0909 5.0505 2.0202 4.0404 6.0606 6.0606 5.0505 0 2.0202 9.0909 4.0404 0 7.0707 6.0606 7.0707 2.0202 2.0202 5.0505 0 5.0505 9.0909 1.0101 7.0707 4.0404 8.0808 2.0202 7.0707 4.0404 1.0101 1.0101 6.0606 2.0202 6.0606 1.0101 6.0606 4.0404 7.0707 4.0404 6.0606 9.0909 5.0505 0 0 2.0202 6.0606 9.0909 7.0707 1.0101 4.0404 7.0707 6.0606 3.0303 8.0808 6.0606 0 8.0808 8.0808 7.0707 4.0404 1.0101 0 3.0303 4.0404
9.0909 4.0404 2.0202 3.0303 1.0101 6.0606 2.0202 3.0303 3.0303 2.0202 5.0505 8.0808 1.0101 4.0404 5.0505 4.0404 0 4.0404 0 6.0606 4.0404 6.0606 6.0606 5.0505 7.0707 5.0505 9.0909 8.0808 6.0606 2.0202 4.0404 5.0505 8.0808 7.0707 0 2.0202 5.0505 2.0202 5.0505 9.0909 7.0707 2.0202 7.0707 8.0808 6.0606 4.0404 2.0202 8.0808 0 4.0404 4.0404 4.0404 3.0303 2.0202 9.0909 0 8.0808 1.0101 0 6.0606 5.0505 5.0505 3.0303 4.0404 2.0202 3.0303 6.0606 9.0909 6.0606 3.0303 8.0808 5.0505 5.0505 7.0707 3.0303 3.0303 3.0303 7.0707 1.0101 3.0303 3.0303 8.0808 8.0808 6.0606 0 9.0909 8.0808 0 2.0202 1.0101 8.0808 8.0808 6.0606 1.0101 4.0404 0 5.0505 0 9.0909 3.0303
3.0303 0 8.0808 0 7.0707 3.0303 3.0303 1.0101 2.0202 6.0606 6.0606 5.0505 4.0404 4.0404 4.0404 7.0707 6.0606 2.0202 7.0707 0 5.0505 6.0606 8.0808 3.0303 7.0707 4.0404 3.0303 4.0404 4.0404 5.0505 9.0909 9.0909 7.0707 9.0909 9.0909 6.0606 4.0404 4.0404 7.0707 6.0606 3.0303 6.0606 4.0404 7.0707 2.0202 8.0808 6.0606 8.0808 2.0202 4.0404 1.0101 8.0808 2.0202 1.0101 1.0101 9.0909 6.0606 7.0707 6.0606 2.0202 4.0404 5.0505 2.0202 1.0101 7.0707 3.0303 7.0707 1.0101 0 7.0707 8.0808 3.0303 3.0303 4.0404 2.0202 5.0505 2.0202 9.0909 6.0606 6.0606 5.0505 7.0707 6.0606 7.0707 8.0808 8.0808 8.0808 4.0404 7.0707 4.0404 9.0909 1.0101 2.0202 1.0101 4.0404 9.0909 6.0606 1.0101 2.0202 6.0606
0 2.0202 1.0101 3.0303 6.0606 6.0606 1.0101 0 5.0505 7.0707 7.0707 0 6.0606 5.0505 9.0909 6.0606 3.0303 7.0707 3.0303 2.0202 2.0202 2.0202 3.0303 6.0606 5.0505 7.0707 7.0707 1.0101 1.0101 9.0909 0 1.0101 2.0202 1.0101 7.0707 0 7.0707 8.0808 3.0303 4.0404 7.0707 2.0202 6.0606 5.0505 7.0707 5.0505 1.0101 1.0101 3.0303 6.0606 3.0303 7.0707 8.0808 9.0909 3.0303 3.0303 8.0808 2.0202 7.0707 9.0909 1.0101 7.0707 3.0303 5.0505 0 0 8.0808 0 0 1.0101 4.0404 9.0909 3.0303 3.0303 4.0404 0 0 7.0707 1.0101 3.0303 6.0606 7.0707 2.0202 4.0404 8.0808 7.0707 0 6.0606 9.0909 7.0707 6.0606 3.0303 6.0606 1.0101 0 6.0606 1.0101 8.0808 6.0606 3.0303